  #Crystal Size      Water Content              Count               Bias
             41                  4                  5         1.3850E+01
             41                  5                  8         1.4800E+01
             41                  6                  5         1.5850E+01
             41                  7                  3         1.7000E+01
             41                  8                  1         1.8250E+01
             42                  2                  8         1.0900E+01
             42                  3                 11         1.1650E+01
             42                  4                 47         1.2500E+01
             42                  5                 74         1.3450E+01
             42                  6                 42         1.4500E+01
             42                  7                 44         1.5650E+01
             42                  8                 40         1.6900E+01
             42                  9                  6         1.8250E+01
             42                 10                  6         1.9700E+01
             43                  1                  2         9.0000E+00
             43                  2                  7         9.6500E+00
             43                  3                120         1.0400E+01
             43                  4                235         1.1250E+01
             43                  5                316         1.2200E+01
             43                  6                341         1.3250E+01
             43                  7                336         1.4400E+01
             43                  8                228         1.5650E+01
             43                  9                 68         1.7000E+01
             43                 10                 44         1.8450E+01
             43                 11                  3         2.0000E+01
             43                 12                  2         2.1650E+01
             44                  1                 15         7.8500E+00
             44                  2                105         8.5000E+00
             44                  3                433         9.2500E+00
             44                  4               1045         1.0100E+01
             44                  5               1531         1.1050E+01
             44                  6               1786         1.2100E+01
             44                  7               1678         1.3250E+01
             44                  8               1113         1.4500E+01
             44                  9                653         1.5850E+01
             44                 10                271         1.7300E+01
             44                 11                 46         1.8850E+01
             44                 12                 20         2.0500E+01
             44                 13                  1         2.2250E+01
             45                  1                100         6.8000E+00
             45                  2                460         7.4500E+00
             45                  3               1741         8.2000E+00
             45                  4               3880         9.0500E+00
             45                  5               6083         1.0000E+01
             45                  6               7081         1.1050E+01
             45                  7               6100         1.2200E+01
             45                  8               4462         1.3450E+01
             45                  9               2707         1.4800E+01
             45                 10               1399         1.6250E+01
             45                 11                453         1.7800E+01
             45                 12                115         1.9450E+01
             45                 13                 36         2.1200E+01
             45                 14                  6         2.3050E+01
             46                  0                 15         5.3000E+00
             46                  1                348         5.8500E+00
             46                  2               1740         6.5000E+00
             46                  3               5523         7.2500E+00
             46                  4              10859         8.1000E+00
             46                  5              16332         9.0500E+00
             46                  6              19048         1.0100E+01
             46                  7              18517         1.1250E+01
             46                  8              14218         1.2500E+01
             46                  9               8266         1.3850E+01
             46                 10               3816         1.5300E+01
             46                 11               1513         1.6850E+01
             46                 12                522         1.8500E+01
             46                 13                162         2.0250E+01
             46                 14                 65         2.2100E+01
             46                 15                  2         2.4050E+01
             47                  0                 97         4.4500E+00
             47                  1                839         5.0000E+00
             47                  2               3688         5.6500E+00
             47                  3              10187         6.4000E+00
             47                  4              20759         7.2500E+00
             47                  5              31945         8.2000E+00
             47                  6              39598         9.2500E+00
             47                  7              39397         1.0400E+01
             47                  8              30872         1.1650E+01
             47                  9              18499         1.3000E+01
             47                 10               8812         1.4450E+01
             47                 11               3453         1.6000E+01
             47                 12               1236         1.7650E+01
             47                 13                386         1.9400E+01
             47                 14                 95         2.1250E+01
             47                 15                 17         2.3200E+01
             48                  0                138         3.7000E+00
             48                  1               1354         4.2500E+00
             48                  2               5278         4.9000E+00
             48                  3              14346         5.6500E+00
             48                  4              27697         6.5000E+00
             48                  5              43885         7.4500E+00
             48                  6              54113         8.5000E+00
             48                  7              53572         9.6500E+00
             48                  8              42051         1.0900E+01
             48                  9              27668         1.2250E+01
             48                 10              13695         1.3700E+01
             48                 11               5696         1.5250E+01
             48                 12               1958         1.6900E+01
             48                 13                508         1.8650E+01
             48                 14                166         2.0500E+01
             48                 15                 17         2.2450E+01
             49                  0                 54         3.0500E+00
             49                  1                906         3.6000E+00
             49                  2               4082         4.2500E+00
             49                  3              10819         5.0000E+00
             49                  4              22442         5.8500E+00
             49                  5              35294         6.8000E+00
             49                  6              42319         7.8500E+00
             49                  7              43934         9.0000E+00
             49                  8              36228         1.0250E+01
             49                  9              22527         1.1600E+01
             49                 10              12221         1.3050E+01
             49                 11               4957         1.4600E+01
             49                 12               1684         1.6250E+01
             49                 13                509         1.8000E+01
             49                 14                142         1.9850E+01
             49                 15                  7         2.1800E+01
             50                  0                 14         2.5000E+00
             50                  1                274         3.0500E+00
             50                  2               1418         3.7000E+00
             50                  3               3830         4.4500E+00
             50                  4               8076         5.3000E+00
             50                  5              12874         6.2500E+00
             50                  6              17984         7.3000E+00
             50                  7              18658         8.4500E+00
             50                  8              16413         9.7000E+00
             50                  9              10638         1.1050E+01
             50                 10               5257         1.2500E+01
             50                 11               2720         1.4050E+01
             50                 12                968         1.5700E+01
             50                 13                447         1.7450E+01
             50                 14                139         1.9300E+01
             50                 15                 13         2.1250E+01
             51                  0                 17         2.0500E+00
             51                  1                 30         2.6000E+00
             51                  2                 48         3.2500E+00
             51                  3                 64         4.0000E+00
             51                  4                303         4.8500E+00
             51                  5                832         5.8000E+00
             51                  6               1977         6.8500E+00
             51                  7               2902         8.0000E+00
             51                  8               2619         9.2500E+00
             51                  9               1942         1.0600E+01
             51                 10               1017         1.2050E+01
             51                 11                504         1.3600E+01
             51                 12                 85         1.5250E+01
             51                 13                  4         1.7000E+01
             51                 14                 14         1.8850E+01
             52                  0                  1         1.7000E+00
             52                  1                 13         2.2500E+00
             52                  2                 11         2.9000E+00
             52                  3                  5         3.6500E+00
             52                  4                  6         4.5000E+00
             52                  5                 36         5.4500E+00
             52                  6                341         6.5000E+00
             52                  7                369         7.6500E+00
             52                  8                352         8.9000E+00
             52                  9                215         1.0250E+01
             52                 10                 86         1.1700E+01
             52                 11                 51         1.3250E+01
             52                 12                 18         1.4900E+01
