  #Crystal Size      Water Content              Count               Bias
             32                 16                  7         9.2500E+00
             32                 22                  3         1.7650E+01
             33                 13                  2         5.6500E+00
             33                 14                  4         6.5000E+00
             33                 15                  3         7.4500E+00
             33                 16                 21         8.5000E+00
             33                 17                 15         9.6500E+00
             33                 18                  8         1.0900E+01
             33                 19                 11         1.2250E+01
             33                 20                  6         1.3700E+01
             33                 21                  3         1.5250E+01
             33                 23                  1         1.8650E+01
             33                 24                  1         2.0500E+01
             34                 11                  1         3.6000E+00
             34                 12                  2         4.2500E+00
             34                 13                 16         5.0000E+00
             34                 14                 45         5.8500E+00
             34                 15                 49         6.8000E+00
             34                 16                 79         7.8500E+00
             34                 17                 66         9.0000E+00
             34                 18                 90         1.0250E+01
             34                 19                 69         1.1600E+01
             34                 20                 48         1.3050E+01
             34                 21                 13         1.4600E+01
             34                 22                  9         1.6250E+01
             34                 24                  5         1.9850E+01
             35                 10                  5         2.5000E+00
             35                 11                 22         3.0500E+00
             35                 12                 38         3.7000E+00
             35                 13                 86         4.4500E+00
             35                 14                251         5.3000E+00
             35                 15                350         6.2500E+00
             35                 16                553         7.3000E+00
             35                 17                587         8.4500E+00
             35                 18                512         9.7000E+00
             35                 19                342         1.1050E+01
             35                 20                197         1.2500E+01
             35                 21                 45         1.4050E+01
             35                 22                 32         1.5700E+01
             35                 23                  7         1.7450E+01
             35                 24                 15         1.9300E+01
             35                 25                  2         2.1250E+01
             36                  9                  3         1.6000E+00
             36                 10                 31         2.0500E+00
             36                 11                141         2.6000E+00
             36                 12                204         3.2500E+00
             36                 13                534         4.0000E+00
             36                 14                964         4.8500E+00
             36                 15               1501         5.8000E+00
             36                 16               2302         6.8500E+00
             36                 17               2649         8.0000E+00
             36                 18               2053         9.2500E+00
             36                 19               1360         1.0600E+01
             36                 20                740         1.2050E+01
             36                 21                294         1.3600E+01
             36                 22                122         1.5250E+01
             36                 23                 33         1.7000E+01
             36                 24                 11         1.8850E+01
             36                 25                  4         2.0800E+01
             36                 26                  1         2.2850E+01
             37                  9                  8         1.2500E+00
             37                 10                104         1.7000E+00
             37                 11                317         2.2500E+00
             37                 12                719         2.9000E+00
             37                 13               1766         3.6500E+00
             37                 14               3118         4.5000E+00
             37                 15               4725         5.4500E+00
             37                 16               6997         6.5000E+00
             37                 17               8025         7.6500E+00
             37                 18               7050         8.9000E+00
             37                 19               4311         1.0250E+01
             37                 20               2287         1.1700E+01
             37                 21               1004         1.3250E+01
             37                 22                326         1.4900E+01
             37                 23                 93         1.6650E+01
             37                 24                 13         1.8500E+01
             37                 25                  9         2.0450E+01
             38                  9                 24         1.0000E+00
             38                 10                252         1.4500E+00
             38                 11                801         2.0000E+00
             38                 12               1954         2.6500E+00
             38                 13               4288         3.4000E+00
             38                 14               7298         4.2500E+00
             38                 15              11726         5.2000E+00
             38                 16              16482         6.2500E+00
             38                 17              18248         7.4000E+00
             38                 18              15347         8.6500E+00
             38                 19              10542         1.0000E+01
             38                 20               5464         1.1450E+01
             38                 21               2739         1.3000E+01
             38                 22                840         1.4650E+01
             38                 23                210         1.6400E+01
             38                 24                 50         1.8250E+01
             38                 25                 10         2.0200E+01
             39                  7                  4         2.5000E-01
             39                  8                 12         5.0000E-01
             39                  9                 66         8.5000E-01
             39                 10                511         1.3000E+00
             39                 11               1545         1.8500E+00
             39                 12               4131         2.5000E+00
             39                 13               8238         3.2500E+00
             39                 14              13604         4.1000E+00
             39                 15              21822         5.0500E+00
             39                 16              29070         6.1000E+00
             39                 17              30677         7.2500E+00
             39                 18              25276         8.5000E+00
             39                 19              17093         9.8500E+00
             39                 20               9876         1.1300E+01
             39                 21               5068         1.2850E+01
             39                 22               1588         1.4500E+01
             39                 23                477         1.6250E+01
             39                 24                144         1.8100E+01
             39                 25                 33         2.0050E+01
             39                 26                  4         2.2100E+01
             40                  7                  3         2.0000E-01
             40                  8                 18         4.5000E-01
             40                  9                140         8.0000E-01
             40                 10                692         1.2500E+00
             40                 11               2088         1.8000E+00
             40                 12               5920         2.4500E+00
             40                 13              11987         3.2000E+00
             40                 14              19564         4.0500E+00
             40                 15              29688         5.0000E+00
             40                 16              38544         6.0500E+00
             40                 17              39209         7.2000E+00
             40                 18              32721         8.4500E+00
             40                 19              22623         9.8000E+00
             40                 20              13406         1.1250E+01
             40                 21               6831         1.2800E+01
             40                 22               2481         1.4450E+01
             40                 23                751         1.6200E+01
             40                 24                150         1.8050E+01
             40                 25                 33         2.0000E+01
             41                  8                 14         5.0000E-01
             41                  9                135         8.5000E-01
             41                 10                514         1.3000E+00
             41                 11               2002         1.8500E+00
             41                 12               5236         2.5000E+00
             41                 13              10727         3.2500E+00
             41                 14              18673         4.1000E+00
             41                 15              28823         5.0500E+00
             41                 16              36460         6.1000E+00
             41                 17              37926         7.2500E+00
             41                 18              30848         8.5000E+00
             41                 19              20562         9.8500E+00
             41                 20              13151         1.1300E+01
             41                 21               6992         1.2850E+01
             41                 22               2474         1.4500E+01
             41                 23                699         1.6250E+01
             41                 24                138         1.8100E+01
             41                 25                  7         2.0050E+01
             42                  9                 49         1.0000E+00
             42                 10                322         1.4500E+00
             42                 11               1181         2.0000E+00
             42                 12               3438         2.6500E+00
             42                 13               7492         3.4000E+00
             42                 14              12989         4.2500E+00
             42                 15              19802         5.2000E+00
             42                 16              24443         6.2500E+00
             42                 17              25701         7.4000E+00
             42                 18              20884         8.6500E+00
             42                 19              12978         1.0000E+01
             42                 20               8310         1.1450E+01
             42                 21               4090         1.3000E+01
             42                 22               1717         1.4650E+01
             42                 23                403         1.6400E+01
             42                 24                 62         1.8250E+01
             43                  8                  2         9.0000E-01
             43                  9                 19         1.2500E+00
             43                 10                120         1.7000E+00
             43                 11                442         2.2500E+00
             43                 12               1374         2.9000E+00
             43                 13               2950         3.6500E+00
             43                 14               5860         4.5000E+00
             43                 15               9167         5.4500E+00
             43                 16              12398         6.5000E+00
             43                 17              12697         7.6500E+00
             43                 18              10139         8.9000E+00
             43                 19               6063         1.0250E+01
             43                 20               3115         1.1700E+01
             43                 21               1673         1.3250E+01
             43                 22                678         1.4900E+01
             43                 23                174         1.6650E+01
             43                 24                 21         1.8500E+01
             44                  8                  1         1.2500E+00
             44                  9                 14         1.6000E+00
             44                 10                 22         2.0500E+00
             44                 11                109         2.6000E+00
             44                 12                289         3.2500E+00
             44                 13                633         4.0000E+00
             44                 14               1528         4.8500E+00
             44                 15               2542         5.8000E+00
             44                 16               4252         6.8500E+00
             44                 17               4277         8.0000E+00
             44                 18               3236         9.2500E+00
             44                 19               1629         1.0600E+01
             44                 20                733         1.2050E+01
             44                 21                276         1.3600E+01
             44                 22                 89         1.5250E+01
             44                 23                 41         1.7000E+01
             44                 24                  4         1.8850E+01
             45                  9                  3         2.0500E+00
             45                 10                  2         2.5000E+00
             45                 11                  7         3.0500E+00
             45                 12                 16         3.7000E+00
             45                 13                133         4.4500E+00
             45                 14                317         5.3000E+00
             45                 15                496         6.2500E+00
             45                 16                816         7.3000E+00
             45                 17                916         8.4500E+00
             45                 18                687         9.7000E+00
             45                 19                414         1.1050E+01
             45                 20                111         1.2500E+01
             45                 21                 35         1.4050E+01
             45                 22                 12         1.5700E+01
             45                 23                  2         1.7450E+01
             46                 13                  7         5.0000E+00
             46                 14                 26         5.8500E+00
             46                 15                 70         6.8000E+00
             46                 16                 84         7.8500E+00
             46                 17                116         9.0000E+00
             46                 18                 46         1.0250E+01
             46                 19                 47         1.1600E+01
             46                 20                  8         1.3050E+01
             47                 15                  2         7.4500E+00
             47                 16                 11         8.5000E+00
             47                 17                  2         9.6500E+00
             47                 19                  1         1.2250E+01
             47                 20                  1         1.3700E+01
