  #Crystal Size      Water Content              Count               Bias
             27                 16                  1         5.0000E+00
             27                 17                  1         5.6500E+00
             27                 22                  3         1.0400E+01
             28                 15                 13         3.7000E+00
             28                 16                 19         4.2500E+00
             28                 17                 14         4.9000E+00
             28                 18                  9         5.6500E+00
             28                 19                 17         6.5000E+00
             28                 20                  4         7.4500E+00
             28                 21                  5         8.5000E+00
             28                 22                  6         9.6500E+00
             28                 23                  1         1.0900E+01
             29                 14                  9         2.6000E+00
             29                 15                 32         3.0500E+00
             29                 16                 80         3.6000E+00
             29                 17                 65         4.2500E+00
             29                 18                142         5.0000E+00
             29                 19                141         5.8500E+00
             29                 20                 96         6.8000E+00
             29                 21                 63         7.8500E+00
             29                 22                 24         9.0000E+00
             29                 23                 14         1.0250E+01
             29                 24                 13         1.1600E+01
             30                 14                 40         2.0500E+00
             30                 15                136         2.5000E+00
             30                 16                236         3.0500E+00
             30                 17                425         3.7000E+00
             30                 18                597         4.4500E+00
             30                 19                598         5.3000E+00
             30                 20                468         6.2500E+00
             30                 21                228         7.3000E+00
             30                 22                140         8.4500E+00
             30                 23                 63         9.7000E+00
             30                 24                 38         1.1050E+01
             30                 25                  2         1.2500E+01
             30                 26                  3         1.4050E+01
             31                 13                  2         1.2500E+00
             31                 14                 65         1.6000E+00
             31                 15                366         2.0500E+00
             31                 16                763         2.6000E+00
             31                 17               1343         3.2500E+00
             31                 18               1903         4.0000E+00
             31                 19               2007         4.8500E+00
             31                 20               1594         5.8000E+00
             31                 21                978         6.8500E+00
             31                 22                596         8.0000E+00
             31                 23                298         9.2500E+00
             31                 24                125         1.0600E+01
             31                 25                 66         1.2050E+01
             31                 26                 11         1.3600E+01
             32                 13                 14         9.0000E-01
             32                 14                147         1.2500E+00
             32                 15                745         1.7000E+00
             32                 16               1858         2.2500E+00
             32                 17               2952         2.9000E+00
             32                 18               4421         3.6500E+00
             32                 19               4950         4.5000E+00
             32                 20               4168         5.4500E+00
             32                 21               2917         6.5000E+00
             32                 22               1833         7.6500E+00
             32                 23                899         8.9000E+00
             32                 24                407         1.0250E+01
             32                 25                117         1.1700E+01
             32                 26                 23         1.3250E+01
             32                 27                  2         1.4900E+01
             33                 13                 49         6.5000E-01
             33                 14                299         1.0000E+00
             33                 15               1421         1.4500E+00
             33                 16               3404         2.0000E+00
             33                 17               6193         2.6500E+00
             33                 18               9444         3.4000E+00
             33                 19              10483         4.2500E+00
             33                 20               9101         5.2000E+00
             33                 21               6692         6.2500E+00
             33                 22               4589         7.4000E+00
             33                 23               2420         8.6500E+00
             33                 24               1124         1.0000E+01
             33                 25                405         1.1450E+01
             33                 26                 94         1.3000E+01
             33                 27                 13         1.4650E+01
             34                 12                  2         2.5000E-01
             34                 13                 29         5.0000E-01
             34                 14                477         8.5000E-01
             34                 15               1965         1.3000E+00
             34                 16               5368         1.8500E+00
             34                 17              10038         2.5000E+00
             34                 18              15058         3.2500E+00
             34                 19              17306         4.1000E+00
             34                 20              16094         5.0500E+00
             34                 21              12689         6.1000E+00
             34                 22               8968         7.2500E+00
             34                 23               5448         8.5000E+00
             34                 24               2661         9.8500E+00
             34                 25               1118         1.1300E+01
             34                 26                253         1.2850E+01
             34                 27                 39         1.4500E+01
             34                 28                  6         1.6250E+01
             35                 12                  1         2.0000E-01
             35                 13                 36         4.5000E-01
             35                 14                511         8.0000E-01
             35                 15               2341         1.2500E+00
             35                 16               6853         1.8000E+00
             35                 17              14261         2.4500E+00
             35                 18              20063         3.2000E+00
             35                 19              24718         4.0500E+00
             35                 20              23764         5.0000E+00
             35                 21              19629         6.0500E+00
             35                 22              14127         7.2000E+00
             35                 23               8997         8.4500E+00
             35                 24               4321         9.8000E+00
             35                 25               1890         1.1250E+01
             35                 26                552         1.2800E+01
             35                 27                123         1.4450E+01
             35                 28                 19         1.6200E+01
             36                 13                 57         5.0000E-01
             36                 14                671         8.5000E-01
             36                 15               2298         1.3000E+00
             36                 16               7366         1.8500E+00
             36                 17              15182         2.5000E+00
             36                 18              22374         3.2500E+00
             36                 19              28236         4.1000E+00
             36                 20              28496         5.0500E+00
             36                 21              25297         6.1000E+00
             36                 22              18773         7.2500E+00
             36                 23              11957         8.5000E+00
             36                 24               5952         9.8500E+00
             36                 25               2519         1.1300E+01
             36                 26                837         1.2850E+01
             36                 27                235         1.4500E+01
             36                 28                 17         1.6250E+01
             37                 13                 52         6.5000E-01
             37                 14                433         1.0000E+00
             37                 15               1924         1.4500E+00
             37                 16               6205         2.0000E+00
             37                 17              13057         2.6500E+00
             37                 18              20701         3.4000E+00
             37                 19              27043         4.2500E+00
             37                 20              28577         5.2000E+00
             37                 21              26826         6.2500E+00
             37                 22              21341         7.4000E+00
             37                 23              13855         8.6500E+00
             37                 24               6623         1.0000E+01
             37                 25               2798         1.1450E+01
             37                 26                897         1.3000E+01
             37                 27                285         1.4650E+01
             37                 28                 13         1.6400E+01
             38                 12                  1         6.5000E-01
             38                 13                 52         9.0000E-01
             38                 14                253         1.2500E+00
             38                 15               1128         1.7000E+00
             38                 16               3968         2.2500E+00
             38                 17               8835         2.9000E+00
             38                 18              14814         3.6500E+00
             38                 19              21705         4.5000E+00
             38                 20              26010         5.4500E+00
             38                 21              24653         6.5000E+00
             38                 22              20721         7.6500E+00
             38                 23              12777         8.9000E+00
             38                 24               6193         1.0250E+01
             38                 25               2483         1.1700E+01
             38                 26                783         1.3250E+01
             38                 27                200         1.4900E+01
             38                 28                 32         1.6650E+01
             39                 13                 18         1.2500E+00
             39                 14                 92         1.6000E+00
             39                 15                549         2.0500E+00
             39                 16               2097         2.6000E+00
             39                 17               5021         3.2500E+00
             39                 18               9313         4.0000E+00
             39                 19              14861         4.8500E+00
             39                 20              18789         5.8000E+00
             39                 21              18755         6.8500E+00
             39                 22              15085         8.0000E+00
             39                 23               9309         9.2500E+00
             39                 24               4644         1.0600E+01
             39                 25               1874         1.2050E+01
             39                 26                595         1.3600E+01
             39                 27                131         1.5250E+01
             39                 28                 33         1.7000E+01
             40                 14                 31         2.0500E+00
             40                 15                213         2.5000E+00
             40                 16                777         3.0500E+00
             40                 17               2275         3.7000E+00
             40                 18               4448         4.4500E+00
             40                 19               7865         5.3000E+00
             40                 20              10184         6.2500E+00
             40                 21              10857         7.3000E+00
             40                 22               8059         8.4500E+00
             40                 23               4959         9.7000E+00
             40                 24               2531         1.1050E+01
             40                 25               1034         1.2500E+01
             40                 26                243         1.4050E+01
             40                 27                 55         1.5700E+01
             40                 28                  2         1.7450E+01
             41                 14                  2         2.6000E+00
             41                 15                 75         3.0500E+00
             41                 16                236         3.6000E+00
             41                 17                700         4.2500E+00
             41                 18               1683         5.0000E+00
             41                 19               2716         5.8500E+00
             41                 20               4191         6.8000E+00
             41                 21               4161         7.8500E+00
             41                 22               2953         9.0000E+00
             41                 23               1667         1.0250E+01
             41                 24                973         1.1600E+01
             41                 25                447         1.3050E+01
             41                 26                 62         1.4600E+01
             41                 27                 14         1.6250E+01
             42                 15                 11         3.7000E+00
             42                 16                 51         4.2500E+00
             42                 17                152         4.9000E+00
             42                 18                320         5.6500E+00
             42                 19                683         6.5000E+00
             42                 20                954         7.4500E+00
             42                 21               1034         8.5000E+00
             42                 22                712         9.6500E+00
             42                 23                389         1.0900E+01
             42                 24                221         1.2250E+01
             42                 25                103         1.3700E+01
             42                 26                  9         1.5250E+01
             43                 16                 12         5.0000E+00
             43                 17                 19         5.6500E+00
             43                 18                 42         6.4000E+00
             43                 19                 46         7.2500E+00
             43                 20                100         8.2000E+00
             43                 21                 89         9.2500E+00
             43                 22                 71         1.0400E+01
             43                 23                 31         1.1650E+01
             43                 24                 61         1.3000E+01
             43                 25                  7         1.4450E+01
             44                 17                  2         6.5000E+00
             44                 18                  2         7.2500E+00
             44                 19                  3         8.1000E+00
             44                 20                  5         9.0500E+00
             44                 21                  4         1.0100E+01
             44                 22                  4         1.1250E+01
             44                 23                  4         1.2500E+01
             44                 24                  3         1.3850E+01
