  #Crystal Size      Water Content              Count               Bias
             38                 22                 13         1.6900E+01
             38                 23                  8         1.7650E+01
             38                 24                  3         1.8500E+01
             39                 19                  1         1.3600E+01
             39                 21                 23         1.4600E+01
             39                 22                 15         1.5250E+01
             39                 23                 12         1.6000E+01
             39                 24                  2         1.6850E+01
             39                 25                  1         1.7800E+01
             40                 19                 14         1.2050E+01
             40                 20                 21         1.2500E+01
             40                 21                 81         1.3050E+01
             40                 22                 81         1.3700E+01
             40                 23                 51         1.4450E+01
             40                 24                 18         1.5300E+01
             40                 25                 11         1.6250E+01
             40                 26                  1         1.7300E+01
             40                 28                  5         1.9700E+01
             40                 31                  3         2.4050E+01
             41                 14                  1         9.8500E+00
             41                 15                  1         9.8000E+00
             41                 16                  3         9.8500E+00
             41                 17                 12         1.0000E+01
             41                 18                 24         1.0250E+01
             41                 19                 54         1.0600E+01
             41                 20                143         1.1050E+01
             41                 21                358         1.1600E+01
             41                 22                390         1.2250E+01
             41                 23                291         1.3000E+01
             41                 24                235         1.3850E+01
             41                 25                158         1.4800E+01
             41                 26                 89         1.5850E+01
             41                 27                 21         1.7000E+01
             41                 28                 18         1.8250E+01
             41                 30                 12         2.1050E+01
             41                 31                  7         2.2600E+01
             42                 13                  4         8.6500E+00
             42                 14                 11         8.5000E+00
             42                 15                 21         8.4500E+00
             42                 16                 50         8.5000E+00
             42                 17                100         8.6500E+00
             42                 18                191         8.9000E+00
             42                 19                363         9.2500E+00
             42                 20                692         9.7000E+00
             42                 21               1340         1.0250E+01
             42                 22               1725         1.0900E+01
             42                 23               1438         1.1650E+01
             42                 24               1152         1.2500E+01
             42                 25                920         1.3450E+01
             42                 26                506         1.4500E+01
             42                 27                191         1.5650E+01
             42                 28                 90         1.6900E+01
             42                 29                 16         1.8250E+01
             42                 30                 29         1.9700E+01
             43                 13                  6         7.4000E+00
             43                 14                 63         7.2500E+00
             43                 15                207         7.2000E+00
             43                 16                342         7.2500E+00
             43                 17                516         7.4000E+00
             43                 18                972         7.6500E+00
             43                 19               1666         8.0000E+00
             43                 20               3183         8.4500E+00
             43                 21               4524         9.0000E+00
             43                 22               5799         9.6500E+00
             43                 23               5822         1.0400E+01
             43                 24               4794         1.1250E+01
             43                 25               3094         1.2200E+01
             43                 26               1600         1.3250E+01
             43                 27                781         1.4400E+01
             43                 28                338         1.5650E+01
             43                 29                134         1.7000E+01
             43                 30                 65         1.8450E+01
             43                 31                 27         2.0000E+01
             43                 32                  4         2.1650E+01
             44                 10                  2         7.3000E+00
             44                 11                  2         6.8500E+00
             44                 12                  2         6.5000E+00
             44                 13                 77         6.2500E+00
             44                 14                277         6.1000E+00
             44                 15                641         6.0500E+00
             44                 16               1297         6.1000E+00
             44                 17               2124         6.2500E+00
             44                 18               3371         6.5000E+00
             44                 19               5377         6.8500E+00
             44                 20               8646         7.3000E+00
             44                 21              11878         7.8500E+00
             44                 22              13681         8.5000E+00
             44                 23              13811         9.2500E+00
             44                 24              11351         1.0100E+01
             44                 25               7494         1.1050E+01
             44                 26               3989         1.2100E+01
             44                 27               1996         1.3250E+01
             44                 28               1019         1.4500E+01
             44                 29                425         1.5850E+01
             44                 30                181         1.7300E+01
             44                 31                110         1.8850E+01
             44                 32                  7         2.0500E+01
             45                 11                  1         5.8000E+00
             45                 12                 28         5.4500E+00
             45                 13                184         5.2000E+00
             45                 14                720         5.0500E+00
             45                 15               1840         5.0000E+00
             45                 16               3552         5.0500E+00
             45                 17               5885         5.2000E+00
             45                 18               8314         5.4500E+00
             45                 19              11798         5.8000E+00
             45                 20              16496         6.2500E+00
             45                 21              21617         6.8000E+00
             45                 22              24741         7.4500E+00
             45                 23              25046         8.2000E+00
             45                 24              19826         9.0500E+00
             45                 25              13443         1.0000E+01
             45                 26               7470         1.1050E+01
             45                 27               3894         1.2200E+01
             45                 28               1824         1.3450E+01
             45                 29                667         1.4800E+01
             45                 30                258         1.6250E+01
             45                 31                111         1.7800E+01
             45                 32                 22         1.9450E+01
             46                 11                 22         4.8500E+00
             46                 12                 63         4.5000E+00
             46                 13                335         4.2500E+00
             46                 14               1633         4.1000E+00
             46                 15               3657         4.0500E+00
             46                 16               7195         4.1000E+00
             46                 17              10639         4.2500E+00
             46                 18              14730         4.5000E+00
             46                 19              19518         4.8500E+00
             46                 20              24119         5.3000E+00
             46                 21              27938         5.8500E+00
             46                 22              31230         6.5000E+00
             46                 23              30146         7.2500E+00
             46                 24              22942         8.1000E+00
             46                 25              15189         9.0500E+00
             46                 26               8902         1.0100E+01
             46                 27               4839         1.1250E+01
             46                 28               1896         1.2500E+01
             46                 29                791         1.3850E+01
             46                 30                182         1.5300E+01
             46                 31                 62         1.6850E+01
             46                 32                 14         1.8500E+01
             47                 10                  6         4.4500E+00
             47                 11                 21         4.0000E+00
             47                 12                107         3.6500E+00
             47                 13                512         3.4000E+00
             47                 14               1935         3.2500E+00
             47                 15               4924         3.2000E+00
             47                 16              10018         3.2500E+00
             47                 17              14897         3.4000E+00
             47                 18              19006         3.6500E+00
             47                 19              24326         4.0000E+00
             47                 20              26135         4.4500E+00
             47                 21              26650         5.0000E+00
             47                 22              26436         5.6500E+00
             47                 23              23903         6.4000E+00
             47                 24              17342         7.2500E+00
             47                 25              10856         8.2000E+00
             47                 26               6017         9.2500E+00
             47                 27               2999         1.0400E+01
             47                 28               1521         1.1650E+01
             47                 29                464         1.3000E+01
             47                 30                137         1.4450E+01
             47                 31                 18         1.6000E+01
             48                 10                  4         3.7000E+00
             48                 11                 29         3.2500E+00
             48                 12                137         2.9000E+00
             48                 13                485         2.6500E+00
             48                 14               1809         2.5000E+00
             48                 15               4951         2.4500E+00
             48                 16               9384         2.5000E+00
             48                 17              14052         2.6500E+00
             48                 18              16907         2.9000E+00
             48                 19              19103         3.2500E+00
             48                 20              19348         3.7000E+00
             48                 21              18343         4.2500E+00
             48                 22              16590         4.9000E+00
             48                 23              13261         5.6500E+00
             48                 24               9269         6.5000E+00
             48                 25               5272         7.4500E+00
             48                 26               2659         8.5000E+00
             48                 27               1329         9.6500E+00
             48                 28                540         1.0900E+01
             48                 29                133         1.2250E+01
             48                 30                 16         1.3700E+01
             48                 31                  1         1.5250E+01
             49                 10                  2         3.0500E+00
             49                 11                  4         2.6000E+00
             49                 12                 26         2.2500E+00
             49                 13                328         2.0000E+00
             49                 14               1211         1.8500E+00
             49                 15               3471         1.8000E+00
             49                 16               5927         1.8500E+00
             49                 17               8589         2.0000E+00
             49                 18              10177         2.2500E+00
             49                 19              10247         2.6000E+00
             49                 20               9323         3.0500E+00
             49                 21               7682         3.6000E+00
             49                 22               6957         4.2500E+00
             49                 23               5495         5.0000E+00
             49                 24               4025         5.8500E+00
             49                 25               2184         6.8000E+00
             49                 26               1010         7.8500E+00
             49                 27                407         9.0000E+00
             49                 28                119         1.0250E+01
             49                 29                 13         1.1600E+01
             49                 30                  3         1.3050E+01
             50                 12                  4         1.7000E+00
             50                 13                 63         1.4500E+00
             50                 14                555         1.3000E+00
             50                 15               1096         1.2500E+00
             50                 16               2180         1.3000E+00
             50                 17               3246         1.4500E+00
             50                 18               3164         1.7000E+00
             50                 19               3011         2.0500E+00
             50                 20               2087         2.5000E+00
             50                 21               1914         3.0500E+00
             50                 22               1645         3.7000E+00
             50                 23               1462         4.4500E+00
             50                 24                945         5.3000E+00
             50                 25                591         6.2500E+00
             50                 26                292         7.3000E+00
             50                 27                 61         8.4500E+00
             50                 28                 19         9.7000E+00
             50                 29                  2         1.1050E+01
             51                 13                  9         1.0000E+00
             51                 14                 40         8.5000E-01
             51                 15                100         8.0000E-01
             51                 16                181         8.5000E-01
             51                 17                277         1.0000E+00
             51                 18                337         1.2500E+00
             51                 19                343         1.6000E+00
             51                 20                140         2.0500E+00
             51                 21                157         2.6000E+00
             51                 22                 55         3.2500E+00
             51                 23                141         4.0000E+00
             51                 24                116         4.8500E+00
             51                 25                 75         5.8000E+00
             51                 26                 45         6.8500E+00
             51                 27                 12         8.0000E+00
             51                 28                  3         9.2500E+00
             52                 16                  3         5.0000E-01
             52                 17                  6         6.5000E-01
             52                 22                  5         2.9000E+00
             52                 23                 25         3.6500E+00
             52                 24                  6         4.5000E+00
             52                 25                 35         5.4500E+00
             52                 26                  6         6.5000E+00
