  #Crystal Size      Water Content              Count               Bias
             31                 13                  1         9.2500E+00
             31                 14                  1         1.0600E+01
             31                 15                  1         1.2050E+01
             31                 16                  1         1.3600E+01
             31                 17                  3         1.5250E+01
             31                 18                  1         1.7000E+01
             32                 13                 12         8.9000E+00
             32                 14                 23         1.0250E+01
             32                 15                  8         1.1700E+01
             32                 16                 13         1.3250E+01
             32                 17                 38         1.4900E+01
             32                 18                 25         1.6650E+01
             32                 19                  8         1.8500E+01
             33                 12                  6         7.4000E+00
             33                 13                 34         8.6500E+00
             33                 14                103         1.0000E+01
             33                 15                212         1.1450E+01
             33                 16                154         1.3000E+01
             33                 17                117         1.4650E+01
             33                 18                108         1.6400E+01
             33                 19                 69         1.8250E+01
             33                 20                 25         2.0200E+01
             33                 21                  5         2.2250E+01
             33                 22                  1         2.4400E+01
             34                 12                 35         7.2500E+00
             34                 13                194         8.5000E+00
             34                 14                477         9.8500E+00
             34                 15                674         1.1300E+01
             34                 16                762         1.2850E+01
             34                 17                602         1.4500E+01
             34                 18                472         1.6250E+01
             34                 19                322         1.8100E+01
             34                 20                152         2.0050E+01
             34                 21                 57         2.2100E+01
             34                 22                 17         2.4250E+01
             34                 23                  1         2.6500E+01
             35                 11                 29         6.0500E+00
             35                 12                223         7.2000E+00
             35                 13                871         8.4500E+00
             35                 14               1760         9.8000E+00
             35                 15               2263         1.1250E+01
             35                 16               2620         1.2800E+01
             35                 17               2567         1.4450E+01
             35                 18               1847         1.6200E+01
             35                 19               1277         1.8050E+01
             35                 20                552         2.0000E+01
             35                 21                177         2.2050E+01
             35                 22                 78         2.4200E+01
             35                 23                  3         2.6450E+01
             36                 11                114         6.1000E+00
             36                 12                720         7.2500E+00
             36                 13               2485         8.5000E+00
             36                 14               5292         9.8500E+00
             36                 15               6942         1.1300E+01
             36                 16               7114         1.2850E+01
             36                 17               6689         1.4500E+01
             36                 18               4660         1.6250E+01
             36                 19               3156         1.8100E+01
             36                 20               1696         2.0050E+01
             36                 21                699         2.2100E+01
             36                 22                250         2.4250E+01
             36                 23                 32         2.6500E+01
             36                 24                  1         2.8850E+01
             37                 10                 11         5.2000E+00
             37                 11                348         6.2500E+00
             37                 12               1846         7.4000E+00
             37                 13               6033         8.6500E+00
             37                 14              11688         1.0000E+01
             37                 15              16130         1.1450E+01
             37                 16              16348         1.3000E+01
             37                 17              13968         1.4650E+01
             37                 18               9566         1.6400E+01
             37                 19               6627         1.8250E+01
             37                 20               3732         2.0200E+01
             37                 21               1495         2.2250E+01
             37                 22                430         2.4400E+01
             37                 23                 40         2.6650E+01
             37                 24                 22         2.9000E+01
             38                 10                 49         5.4500E+00
             38                 11                589         6.5000E+00
             38                 12               3813         7.6500E+00
             38                 13              10996         8.9000E+00
             38                 14              21579         1.0250E+01
             38                 15              29309         1.1700E+01
             38                 16              30045         1.3250E+01
             38                 17              23024         1.4900E+01
             38                 18              15557         1.6650E+01
             38                 19              10337         1.8500E+01
             38                 20               5711         2.0450E+01
             38                 21               2308         2.2500E+01
             38                 22                642         2.4650E+01
             38                 23                102         2.6900E+01
             38                 24                 14         2.9250E+01
             38                 25                  2         3.1700E+01
             39                  9                  3         4.8500E+00
             39                 10                107         5.8000E+00
             39                 11                934         6.8500E+00
             39                 12               5432         8.0000E+00
             39                 13              15105         9.2500E+00
             39                 14              30383         1.0600E+01
             39                 15              40101         1.2050E+01
             39                 16              39365         1.3600E+01
             39                 17              29389         1.5250E+01
             39                 18              19052         1.7000E+01
             39                 19              12188         1.8850E+01
             39                 20               7423         2.0800E+01
             39                 21               3120         2.2850E+01
             39                 22                956         2.5000E+01
             39                 23                155         2.7250E+01
             39                 24                 32         2.9600E+01
             39                 25                  2         3.2050E+01
             40                  9                 11         5.3000E+00
             40                 10                184         6.2500E+00
             40                 11               1399         7.3000E+00
             40                 12               5947         8.4500E+00
             40                 13              16998         9.7000E+00
             40                 14              31596         1.1050E+01
             40                 15              41120         1.2500E+01
             40                 16              38890         1.4050E+01
             40                 17              28338         1.5700E+01
             40                 18              18322         1.7450E+01
             40                 19              11406         1.9300E+01
             40                 20               6791         2.1250E+01
             40                 21               2933         2.3300E+01
             40                 22                757         2.5450E+01
             40                 23                168         2.7700E+01
             40                 24                 29         3.0050E+01
             40                 25                  1         3.2500E+01
             41                  8                 23         5.0000E+00
             41                  9                 49         5.8500E+00
             41                 10                293         6.8000E+00
             41                 11               1194         7.8500E+00
             41                 12               4777         9.0000E+00
             41                 13              13199         1.0250E+01
             41                 14              25020         1.1600E+01
             41                 15              31321         1.3050E+01
             41                 16              28839         1.4600E+01
             41                 17              21065         1.6250E+01
             41                 18              14138         1.8000E+01
             41                 19               8801         1.9850E+01
             41                 20               5160         2.1800E+01
             41                 21               1982         2.3850E+01
             41                 22                529         2.6000E+01
             41                 23                123         2.8250E+01
             41                 24                 23         3.0600E+01
             41                 25                  2         3.3050E+01
             42                  8                  1         5.6500E+00
             42                  9                 50         6.5000E+00
             42                 10                166         7.4500E+00
             42                 11                856         8.5000E+00
             42                 12               3351         9.6500E+00
             42                 13               7833         1.0900E+01
             42                 14              14514         1.2250E+01
             42                 15              17166         1.3700E+01
             42                 16              15852         1.5250E+01
             42                 17              11595         1.6900E+01
             42                 18               7656         1.8650E+01
             42                 19               5166         2.0500E+01
             42                 20               3212         2.2450E+01
             42                 21               1396         2.4500E+01
             42                 22                247         2.6650E+01
             42                 23                 47         2.8900E+01
             42                 24                 16         3.1250E+01
             42                 25                  1         3.3700E+01
             43                  8                  6         6.4000E+00
             43                  9                 29         7.2500E+00
             43                 10                116         8.2000E+00
             43                 11                546         9.2500E+00
             43                 12               1441         1.0400E+01
             43                 13               3347         1.1650E+01
             43                 14               5741         1.3000E+01
             43                 15               6202         1.4450E+01
             43                 16               5842         1.6000E+01
             43                 17               4471         1.7650E+01
             43                 18               2789         1.9400E+01
             43                 19               1641         2.1250E+01
             43                 20               1252         2.3200E+01
             43                 21                612         2.5250E+01
             43                 22                246         2.7400E+01
             43                 23                 21         2.9650E+01
             43                 24                  1         3.2000E+01
             44                  9                 21         8.1000E+00
             44                 10                 51         9.0500E+00
             44                 11                183         1.0100E+01
             44                 12                390         1.1250E+01
             44                 13                927         1.2500E+01
             44                 14               1673         1.3850E+01
             44                 15               1389         1.5300E+01
             44                 16               1441         1.6850E+01
             44                 17               1116         1.8500E+01
             44                 18                563         2.0250E+01
             44                 19                395         2.2100E+01
             44                 20                270         2.4050E+01
             44                 21                211         2.6100E+01
             44                 22                 60         2.8250E+01
             44                 23                  2         3.0500E+01
             45                  9                  5         9.0500E+00
             45                 10                 17         1.0000E+01
             45                 11                 35         1.1050E+01
             45                 12                101         1.2200E+01
             45                 13                172         1.3450E+01
             45                 14                239         1.4800E+01
             45                 15                210         1.6250E+01
             45                 16                195         1.7800E+01
             45                 17                178         1.9450E+01
             45                 18                 55         2.1200E+01
             45                 19                 52         2.3050E+01
             45                 20                 34         2.5000E+01
             45                 21                 58         2.7050E+01
             45                 22                 16         2.9200E+01
             46                 11                  5         1.2100E+01
             46                 12                 13         1.3250E+01
             46                 13                  9         1.4500E+01
             46                 14                 22         1.5850E+01
             46                 15                 11         1.7300E+01
             46                 16                 28         1.8850E+01
             46                 17                 21         2.0500E+01
             46                 18                  8         2.2250E+01
             46                 19                  2         2.4100E+01
             46                 21                  4         2.8100E+01
             47                 15                  2         1.8450E+01
             47                 16                  1         2.0000E+01
