  #Crystal Size      Water Content              Count               Bias
             39                 13                  1         1.3250E+01
             40                 12                  3         1.1450E+01
             40                 13                 20         1.1700E+01
             40                 14                  7         1.2050E+01
             41                 10                  3         9.8000E+00
             41                 11                  6         9.8500E+00
             41                 12                 22         1.0000E+01
             41                 13                 35         1.0250E+01
             41                 14                 39         1.0600E+01
             41                 15                 21         1.1050E+01
             41                 16                  5         1.1600E+01
             41                 17                  4         1.2250E+01
             41                 18                  3         1.3000E+01
             41                 20                  1         1.4800E+01
             41                 21                  2         1.5850E+01
             42                  8                  9         8.6500E+00
             42                  9                  5         8.5000E+00
             42                 10                 17         8.4500E+00
             42                 11                 45         8.5000E+00
             42                 12                 45         8.6500E+00
             42                 13                 75         8.9000E+00
             42                 14                120         9.2500E+00
             42                 15                123         9.7000E+00
             42                 16                 66         1.0250E+01
             42                 17                 43         1.0900E+01
             42                 18                 20         1.1650E+01
             42                 19                 31         1.2500E+01
             42                 20                 21         1.3450E+01
             42                 21                  3         1.4500E+01
             42                 22                  2         1.5650E+01
             43                  7                  1         7.6500E+00
             43                  8                 36         7.4000E+00
             43                  9                 37         7.2500E+00
             43                 10                 91         7.2000E+00
             43                 11                182         7.2500E+00
             43                 12                300         7.4000E+00
             43                 13                467         7.6500E+00
             43                 14                708         8.0000E+00
             43                 15                721         8.4500E+00
             43                 16                458         9.0000E+00
             43                 17                356         9.6500E+00
             43                 18                257         1.0400E+01
             43                 19                198         1.1250E+01
             43                 20                126         1.2200E+01
             43                 21                 71         1.3250E+01
             43                 22                 47         1.4400E+01
             43                 23                  6         1.5650E+01
             44                  6                  2         6.8500E+00
             44                  7                 15         6.5000E+00
             44                  8                 47         6.2500E+00
             44                  9                165         6.1000E+00
             44                 10                434         6.0500E+00
             44                 11                761         6.1000E+00
             44                 12               1538         6.2500E+00
             44                 13               2161         6.5000E+00
             44                 14               3104         6.8500E+00
             44                 15               3085         7.3000E+00
             44                 16               2996         7.8500E+00
             44                 17               2211         8.5000E+00
             44                 18               1288         9.2500E+00
             44                 19                808         1.0100E+01
             44                 20                525         1.1050E+01
             44                 21                253         1.2100E+01
             44                 22                 98         1.3250E+01
             44                 23                  6         1.4500E+01
             45                  6                  5         5.8000E+00
             45                  7                 37         5.4500E+00
             45                  8                159         5.2000E+00
             45                  9                439         5.0500E+00
             45                 10               1013         5.0000E+00
             45                 11               2174         5.0500E+00
             45                 12               4420         5.2000E+00
             45                 13               6676         5.4500E+00
             45                 14               8515         5.8000E+00
             45                 15               9891         6.2500E+00
             45                 16               9174         6.8000E+00
             45                 17               7118         7.4500E+00
             45                 18               4761         8.2000E+00
             45                 19               2675         9.0500E+00
             45                 20               1445         1.0000E+01
             45                 21                588         1.1050E+01
             45                 22                149         1.2200E+01
             45                 23                 18         1.3450E+01
             45                 24                  1         1.4800E+01
             46                  6                  7         4.8500E+00
             46                  7                 61         4.5000E+00
             46                  8                216         4.2500E+00
             46                  9                811         4.1000E+00
             46                 10               2327         4.0500E+00
             46                 11               5310         4.1000E+00
             46                 12               9491         4.2500E+00
             46                 13              15009         4.5000E+00
             46                 14              20036         4.8500E+00
             46                 15              22953         5.3000E+00
             46                 16              22585         5.8500E+00
             46                 17              17108         6.5000E+00
             46                 18              10258         7.2500E+00
             46                 19               5768         8.1000E+00
             46                 20               2503         9.0500E+00
             46                 21                965         1.0100E+01
             46                 22                385         1.1250E+01
             46                 23                109         1.2500E+01
             46                 24                 10         1.3850E+01
             47                  6                 11         4.0000E+00
             47                  7                 50         3.6500E+00
             47                  8                393         3.4000E+00
             47                  9               1478         3.2500E+00
             47                 10               3763         3.2000E+00
             47                 11               7935         3.2500E+00
             47                 12              14146         3.4000E+00
             47                 13              21799         3.6500E+00
             47                 14              29913         4.0000E+00
             47                 15              37143         4.4500E+00
             47                 16              37790         5.0000E+00
             47                 17              29172         5.6500E+00
             47                 18              16471         6.4000E+00
             47                 19               8354         7.2500E+00
             47                 20               3248         8.2000E+00
             47                 21               1246         9.2500E+00
             47                 22                266         1.0400E+01
             47                 23                 37         1.1650E+01
             47                 24                  1         1.3000E+01
             48                  7                  3         2.9000E+00
             48                  8                304         2.6500E+00
             48                  9               1287         2.5000E+00
             48                 10               3452         2.4500E+00
             48                 11               7273         2.5000E+00
             48                 12              13280         2.6500E+00
             48                 13              22600         2.9000E+00
             48                 14              33505         3.2500E+00
             48                 15              45291         3.7000E+00
             48                 16              47797         4.2500E+00
             48                 17              36390         4.9000E+00
             48                 18              21137         5.6500E+00
             48                 19              10207         6.5000E+00
             48                 20               3718         7.4500E+00
             48                 21               1239         8.5000E+00
             48                 22                251         9.6500E+00
             48                 23                 29         1.0900E+01
             49                  7                 26         2.2500E+00
             49                  8                188         2.0000E+00
             49                  9                765         1.8500E+00
             49                 10               1984         1.8000E+00
             49                 11               4515         1.8500E+00
             49                 12               9268         2.0000E+00
             49                 13              15964         2.2500E+00
             49                 14              25763         2.6000E+00
             49                 15              36528         3.0500E+00
             49                 16              39865         3.6000E+00
             49                 17              32233         4.2500E+00
             49                 18              19515         5.0000E+00
             49                 19               8763         5.8500E+00
             49                 20               3440         6.8000E+00
             49                 21                866         7.8500E+00
             49                 22                207         9.0000E+00
             49                 23                 18         1.0250E+01
             50                  7                  9         1.7000E+00
             50                  8                 88         1.4500E+00
             50                  9                309         1.3000E+00
             50                 10                599         1.2500E+00
             50                 11               1222         1.3000E+00
             50                 12               3093         1.4500E+00
             50                 13               6718         1.7000E+00
             50                 14              13259         2.0500E+00
             50                 15              18420         2.5000E+00
             50                 16              19804         3.0500E+00
             50                 17              16420         3.7000E+00
             50                 18               9481         4.4500E+00
             50                 19               4669         5.3000E+00
             50                 20               1485         6.2500E+00
             50                 21                373         7.3000E+00
             50                 22                 83         8.4500E+00
             50                 23                  8         9.7000E+00
             51                 10                 14         8.0000E-01
             51                 11                 96         8.5000E-01
             51                 12                432         1.0000E+00
             51                 13               1499         1.2500E+00
             51                 14               3143         1.6000E+00
             51                 15               4127         2.0500E+00
             51                 16               4737         2.6000E+00
             51                 17               3526         3.2500E+00
             51                 18               2115         4.0000E+00
             51                 19               1190         4.8500E+00
             51                 20                342         5.8000E+00
             51                 21                 60         6.8500E+00
             51                 22                 15         8.0000E+00
             52                 10                  1         4.5000E-01
             52                 11                 16         5.0000E-01
             52                 12                 30         6.5000E-01
             52                 13                204         9.0000E-01
             52                 14                368         1.2500E+00
             52                 15                391         1.7000E+00
             52                 16                466         2.2500E+00
             52                 17                337         2.9000E+00
             52                 18                217         3.6500E+00
             52                 19                101         4.5000E+00
             52                 20                 63         5.4500E+00
             52                 21                  2         6.5000E+00
             53                 13                  5         6.5000E-01
             53                 14                 21         1.0000E+00
             53                 15                 13         1.4500E+00
             53                 16                  3         2.0000E+00
             53                 17                  4         2.6500E+00
             53                 18                  5         3.4000E+00
             53                 19                  3         4.2500E+00
             53                 20                  1         5.2000E+00
