  #Crystal Size      Water Content              Count               Bias
             29                 10                  1         2.1800E+01
             30                 10                  3         2.1250E+01
             30                 11                  1         2.3300E+01
             30                 12                  6         2.5450E+01
             30                 13                  2         2.7700E+01
             30                 14                  3         3.0050E+01
             30                 16                  1         3.5050E+01
             31                  7                  8         1.5250E+01
             31                  8                  4         1.7000E+01
             31                  9                  4         1.8850E+01
             31                 10                 33         2.0800E+01
             31                 11                 90         2.2850E+01
             31                 12                 88         2.5000E+01
             31                 13                 66         2.7250E+01
             31                 14                 50         2.9600E+01
             31                 15                 19         3.2050E+01
             31                 16                  7         3.4600E+01
             31                 17                  3         3.7250E+01
             32                  7                 20         1.4900E+01
             32                  8                 57         1.6650E+01
             32                  9                 94         1.8500E+01
             32                 10                172         2.0450E+01
             32                 11                378         2.2500E+01
             32                 12                424         2.4650E+01
             32                 13                471         2.6900E+01
             32                 14                274         2.9250E+01
             32                 15                 99         3.1700E+01
             32                 16                 83         3.4250E+01
             32                 17                 17         3.6900E+01
             32                 18                  4         3.9650E+01
             33                  6                 25         1.3000E+01
             33                  7                 57         1.4650E+01
             33                  8                197         1.6400E+01
             33                  9                314         1.8250E+01
             33                 10                633         2.0200E+01
             33                 11               1333         2.2250E+01
             33                 12               1538         2.4400E+01
             33                 13               1631         2.6650E+01
             33                 14               1263         2.9000E+01
             33                 15                532         3.1450E+01
             33                 16                293         3.4000E+01
             33                 17                 87         3.6650E+01
             33                 18                  6         3.9400E+01
             34                  5                  3         1.1300E+01
             34                  6                 36         1.2850E+01
             34                  7                194         1.4500E+01
             34                  8                556         1.6250E+01
             34                  9               1068         1.8100E+01
             34                 10               2228         2.0050E+01
             34                 11               3730         2.2100E+01
             34                 12               4919         2.4250E+01
             34                 13               4865         2.6500E+01
             34                 14               3509         2.8850E+01
             34                 15               1926         3.1300E+01
             34                 16                828         3.3850E+01
             34                 17                242         3.6500E+01
             34                 18                 64         3.9250E+01
             34                 19                  3         4.2100E+01
             35                  5                 38         1.1250E+01
             35                  6                199         1.2800E+01
             35                  7                729         1.4450E+01
             35                  8               1622         1.6200E+01
             35                  9               2857         1.8050E+01
             35                 10               5323         2.0000E+01
             35                 11               9340         2.2050E+01
             35                 12              11860         2.4200E+01
             35                 13              11290         2.6450E+01
             35                 14               7443         2.8800E+01
             35                 15               4252         3.1250E+01
             35                 16               2136         3.3800E+01
             35                 17                724         3.6450E+01
             35                 18                186         3.9200E+01
             35                 19                 12         4.2050E+01
             36                  4                 33         9.8500E+00
             36                  5                251         1.1300E+01
             36                  6                982         1.2850E+01
             36                  7               2158         1.4500E+01
             36                  8               3634         1.6250E+01
             36                  9               6145         1.8100E+01
             36                 10              11096         2.0050E+01
             36                 11              17276         2.2100E+01
             36                 12              21450         2.4250E+01
             36                 13              19796         2.6500E+01
             36                 14              13212         2.8850E+01
             36                 15               7600         3.1300E+01
             36                 16               3744         3.3850E+01
             36                 17               1455         3.6500E+01
             36                 18                390         3.9250E+01
             36                 19                 25         4.2100E+01
             37                  4                 77         1.0000E+01
             37                  5                627         1.1450E+01
             37                  6               2186         1.3000E+01
             37                  7               4805         1.4650E+01
             37                  8               7693         1.6400E+01
             37                  9              10896         1.8250E+01
             37                 10              18167         2.0200E+01
             37                 11              27434         2.2250E+01
             37                 12              31292         2.4400E+01
             37                 13              26865         2.6650E+01
             37                 14              18869         2.9000E+01
             37                 15              10836         3.1450E+01
             37                 16               5021         3.4000E+01
             37                 17               2033         3.6650E+01
             37                 18                637         3.9400E+01
             37                 19                 40         4.2250E+01
             38                  3                 10         8.9000E+00
             38                  4                198         1.0250E+01
             38                  5               1357         1.1700E+01
             38                  6               4409         1.3250E+01
             38                  7               8194         1.4900E+01
             38                  8              11939         1.6650E+01
             38                  9              15975         1.8500E+01
             38                 10              23415         2.0450E+01
             38                 11              33413         2.2500E+01
             38                 12              35225         2.4650E+01
             38                 13              29406         2.6900E+01
             38                 14              19490         2.9250E+01
             38                 15              10867         3.1700E+01
             38                 16               5605         3.4250E+01
             38                 17               2514         3.6900E+01
             38                 18                583         3.9650E+01
             38                 19                 55         4.2500E+01
             39                  3                 11         9.2500E+00
             39                  4                266         1.0600E+01
             39                  5               1659         1.2050E+01
             39                  6               5652         1.3600E+01
             39                  7              10283         1.5250E+01
             39                  8              15335         1.7000E+01
             39                  9              19387         1.8850E+01
             39                 10              22974         2.0800E+01
             39                 11              30271         2.2850E+01
             39                 12              28332         2.5000E+01
             39                 13              22971         2.7250E+01
             39                 14              14513         2.9600E+01
             39                 15               7673         3.2050E+01
             39                 16               4513         3.4600E+01
             39                 17               1866         3.7250E+01
             39                 18                395         4.0000E+01
             39                 19                 74         4.2850E+01
             39                 20                  2         4.5800E+01
             40                  3                  8         9.7000E+00
             40                  4                226         1.1050E+01
             40                  5               1626         1.2500E+01
             40                  6               5245         1.4050E+01
             40                  7              10014         1.5700E+01
             40                  8              14865         1.7450E+01
             40                  9              17705         1.9300E+01
             40                 10              17346         2.1250E+01
             40                 11              18827         2.3300E+01
             40                 12              16201         2.5450E+01
             40                 13              13251         2.7700E+01
             40                 14               7466         3.0050E+01
             40                 15               3703         3.2500E+01
             40                 16               2387         3.5050E+01
             40                 17                985         3.7700E+01
             40                 18                157         4.0450E+01
             40                 19                 22         4.3300E+01
             41                  4                 98         1.1600E+01
             41                  5               1037         1.3050E+01
             41                  6               3874         1.4600E+01
             41                  7               6989         1.6250E+01
             41                  8              10981         1.8000E+01
             41                  9              12521         1.9850E+01
             41                 10              10271         2.1800E+01
             41                 11               8852         2.3850E+01
             41                 12               6603         2.6000E+01
             41                 13               4895         2.8250E+01
             41                 14               2338         3.0600E+01
             41                 15               1233         3.3050E+01
             41                 16                811         3.5600E+01
             41                 17                291         3.8250E+01
             41                 18                 86         4.1000E+01
             41                 19                 49         4.3850E+01
             42                  4                 53         1.2250E+01
             42                  5                618         1.3700E+01
             42                  6               1838         1.5250E+01
             42                  7               3204         1.6900E+01
             42                  8               5469         1.8650E+01
             42                  9               6082         2.0500E+01
             42                 10               4571         2.2450E+01
             42                 11               3062         2.4500E+01
             42                 12               1784         2.6650E+01
             42                 13               1603         2.8900E+01
             42                 14                631         3.1250E+01
             42                 15                245         3.3700E+01
             42                 16                135         3.6250E+01
             42                 17                 54         3.8900E+01
             42                 18                 15         4.1650E+01
             42                 19                  9         4.4500E+01
             43                  4                  9         1.3000E+01
             43                  5                212         1.4450E+01
             43                  6                470         1.6000E+01
             43                  7                998         1.7650E+01
             43                  8               2008         1.9400E+01
             43                  9               2350         2.1250E+01
             43                 10               1608         2.3200E+01
             43                 11                860         2.5250E+01
             43                 12                403         2.7400E+01
             43                 13                244         2.9650E+01
             43                 14                 91         3.2000E+01
             43                 15                 31         3.4450E+01
             43                 16                 10         3.7000E+01
             43                 17                 14         3.9650E+01
             44                  5                 36         1.5300E+01
             44                  6                120         1.6850E+01
             44                  7                210         1.8500E+01
             44                  8                415         2.0250E+01
             44                  9                521         2.2100E+01
             44                 10                341         2.4050E+01
             44                 11                210         2.6100E+01
             44                 12                 63         2.8250E+01
             44                 13                 31         3.0500E+01
             44                 14                 31         3.2850E+01
             44                 16                  3         3.7850E+01
             45                  5                  1         1.6250E+01
             45                  6                 17         1.7800E+01
             45                  7                 29         1.9450E+01
             45                  8                 65         2.1200E+01
             45                  9                 48         2.3050E+01
             45                 10                 31         2.5000E+01
             45                 11                 11         2.7050E+01
             45                 12                  7         2.9200E+01
             46                  6                  2         1.8850E+01
             46                  7                 14         2.0500E+01
             46                  8                  4         2.2250E+01
             46                  9                  5         2.4100E+01
             46                 10                  1         2.6050E+01
             46                 11                  7         2.8100E+01
             46                 12                  3         3.0250E+01
