  #Crystal Size      Water Content              Count               Bias
             36                 10                  2         5.3000E+00
             36                 11                  3         5.8500E+00
             37                 10                  2         4.4500E+00
             37                 11                 16         5.0000E+00
             37                 12                  1         5.6500E+00
             38                  9                  2         3.2500E+00
             38                 10                 14         3.7000E+00
             38                 11                 21         4.2500E+00
             38                 12                 18         4.9000E+00
             38                 13                  7         5.6500E+00
             38                 14                  9         6.5000E+00
             38                 15                  1         7.4500E+00
             38                 16                  1         8.5000E+00
             39                  7                  1         2.0000E+00
             39                  8                  9         2.2500E+00
             39                  9                 38         2.6000E+00
             39                 10                 45         3.0500E+00
             39                 11                 80         3.6000E+00
             39                 12                 88         4.2500E+00
             39                 13                 73         5.0000E+00
             39                 14                 58         5.8500E+00
             39                 15                 38         6.8000E+00
             39                 16                 19         7.8500E+00
             39                 17                  8         9.0000E+00
             39                 18                  2         1.0250E+01
             40                  6                  2         1.3000E+00
             40                  7                 12         1.4500E+00
             40                  8                 72         1.7000E+00
             40                  9                246         2.0500E+00
             40                 10                318         2.5000E+00
             40                 11                394         3.0500E+00
             40                 12                568         3.7000E+00
             40                 13                497         4.4500E+00
             40                 14                378         5.3000E+00
             40                 15                259         6.2500E+00
             40                 16                110         7.3000E+00
             40                 17                 43         8.4500E+00
             40                 18                 11         9.7000E+00
             40                 19                  1         1.1050E+01
             41                  5                  9         8.0000E-01
             41                  6                 40         8.5000E-01
             41                  7                127         1.0000E+00
             41                  8                428         1.2500E+00
             41                  9               1165         1.6000E+00
             41                 10               1656         2.0500E+00
             41                 11               2138         2.6000E+00
             41                 12               2475         3.2500E+00
             41                 13               2549         4.0000E+00
             41                 14               1861         4.8500E+00
             41                 15               1210         5.8000E+00
             41                 16                550         6.8500E+00
             41                 17                202         8.0000E+00
             41                 18                 46         9.2500E+00
             41                 19                  6         1.0600E+01
             41                 20                  6         1.2050E+01
             42                  5                  7         4.5000E-01
             42                  6                123         5.0000E-01
             42                  7                449         6.5000E-01
             42                  8               1479         9.0000E-01
             42                  9               3733         1.2500E+00
             42                 10               5617         1.7000E+00
             42                 11               7198         2.2500E+00
             42                 12               8192         2.9000E+00
             42                 13               8460         3.6500E+00
             42                 14               6403         4.5000E+00
             42                 15               4065         5.4500E+00
             42                 16               2263         6.5000E+00
             42                 17                804         7.6500E+00
             42                 18                218         8.9000E+00
             42                 19                 47         1.0250E+01
             42                 20                 12         1.1700E+01
             42                 21                  1         1.3250E+01
             43                  4                  1         2.5000E-01
             43                  5                 29         2.0000E-01
             43                  6                219         2.5000E-01
             43                  7               1181         4.0000E-01
             43                  8               3540         6.5000E-01
             43                  9               8279         1.0000E+00
             43                 10              12981         1.4500E+00
             43                 11              17381         2.0000E+00
             43                 12              20101         2.6500E+00
             43                 13              20547         3.4000E+00
             43                 14              16617         4.2500E+00
             43                 15              10835         5.2000E+00
             43                 16               5790         6.2500E+00
             43                 17               2162         7.4000E+00
             43                 18                636         8.6500E+00
             43                 19                150         1.0000E+01
             43                 20                 20         1.1450E+01
             43                 21                 14         1.3000E+01
             44                  4                  1         1.0000E-01
             44                  5                 40         5.0000E-02
             44                  6                391         1.0000E-01
             44                  7               2166         2.5000E-01
             44                  8               6336         5.0000E-01
             44                  9              13823         8.5000E-01
             44                 10              22546         1.3000E+00
             44                 11              30169         1.8500E+00
             44                 12              35458         2.5000E+00
             44                 13              36049         3.2500E+00
             44                 14              29209         4.1000E+00
             44                 15              20245         5.0500E+00
             44                 16              10163         6.1000E+00
             44                 17               4596         7.2500E+00
             44                 18               1543         8.5000E+00
             44                 19                272         9.8500E+00
             44                 20                 24         1.1300E+01
             45                  4                  9         5.0000E-02
             45                  5                 25         0.0000E+00
             45                  6                395         5.0000E-02
             45                  7               2540         2.0000E-01
             45                  8               7738         4.5000E-01
             45                  9              17038         8.0000E-01
             45                 10              27102         1.2500E+00
             45                 11              35440         1.8000E+00
             45                 12              42725         2.4500E+00
             45                 13              44457         3.2000E+00
             45                 14              36823         4.0500E+00
             45                 15              24512         5.0000E+00
             45                 16              13483         6.0500E+00
             45                 17               5681         7.2000E+00
             45                 18               2018         8.4500E+00
             45                 19                517         9.8000E+00
             45                 20                 44         1.1250E+01
             45                 21                  6         1.2800E+01
             46                  4                  1         1.0000E-01
             46                  5                 16         5.0000E-02
             46                  6                385         1.0000E-01
             46                  7               1944         2.5000E-01
             46                  8               5920         5.0000E-01
             46                  9              13299         8.5000E-01
             46                 10              21201         1.3000E+00
             46                 11              28739         1.8500E+00
             46                 12              34350         2.5000E+00
             46                 13              36077         3.2500E+00
             46                 14              30544         4.1000E+00
             46                 15              19781         5.0500E+00
             46                 16              11104         6.1000E+00
             46                 17               4769         7.2500E+00
             46                 18               1658         8.5000E+00
             46                 19                402         9.8500E+00
             46                 20                 48         1.1300E+01
             46                 21                  3         1.2850E+01
             47                  5                 13         2.0000E-01
             47                  6                179         2.5000E-01
             47                  7                944         4.0000E-01
             47                  8               3180         6.5000E-01
             47                  9               6676         1.0000E+00
             47                 10              10027         1.4500E+00
             47                 11              13845         2.0000E+00
             47                 12              17201         2.6500E+00
             47                 13              17305         3.4000E+00
             47                 14              14454         4.2500E+00
             47                 15               9506         5.2000E+00
             47                 16               5673         6.2500E+00
             47                 17               2367         7.4000E+00
             47                 18                872         8.6500E+00
             47                 19                167         1.0000E+01
             47                 20                 26         1.1450E+01
             47                 21                  3         1.3000E+01
             48                  6                 40         5.0000E-01
             48                  7                213         6.5000E-01
             48                  8               1007         9.0000E-01
             48                  9               1717         1.2500E+00
             48                 10               2258         1.7000E+00
             48                 11               3133         2.2500E+00
             48                 12               3934         2.9000E+00
             48                 13               3925         3.6500E+00
             48                 14               3535         4.5000E+00
             48                 15               2503         5.4500E+00
             48                 16               1333         6.5000E+00
             48                 17                609         7.6500E+00
             48                 18                277         8.9000E+00
             48                 19                 41         1.0250E+01
             48                 20                 13         1.1700E+01
             48                 21                  5         1.3250E+01
             49                  6                  2         8.5000E-01
             49                  7                 17         1.0000E+00
             49                  8                 48         1.2500E+00
             49                  9                100         1.6000E+00
             49                 10                117         2.0500E+00
             49                 11                230         2.6000E+00
             49                 12                251         3.2500E+00
             49                 13                300         4.0000E+00
             49                 14                209         4.8500E+00
             49                 15                182         5.8000E+00
             49                 16                110         6.8500E+00
             49                 17                 73         8.0000E+00
             49                 18                 12         9.2500E+00
             50                  7                  2         1.4500E+00
             50                 10                  7         2.5000E+00
             50                 11                 23         3.0500E+00
             50                 12                  9         3.7000E+00
             50                 13                  6         4.4500E+00
             50                 14                  4         5.3000E+00
             50                 15                  1         6.2500E+00
             50                 16                  2         7.3000E+00
