  #Crystal Size      Water Content              Count               Bias
             38                 19                  1         8.0000E+00
             38                 20                  1         8.4500E+00
             39                 15                  1         6.0500E+00
             39                 16                  1         6.1000E+00
             39                 17                  2         6.2500E+00
             39                 18                  2         6.5000E+00
             39                 19                 25         6.8500E+00
             39                 20                 11         7.3000E+00
             39                 21                  6         7.8500E+00
             39                 22                  8         8.5000E+00
             39                 23                  2         9.2500E+00
             39                 24                  5         1.0100E+01
             39                 26                  2         1.2100E+01
             40                 14                  9         5.0500E+00
             40                 15                 12         5.0000E+00
             40                 16                 16         5.0500E+00
             40                 17                 35         5.2000E+00
             40                 18                 28         5.4500E+00
             40                 19                 50         5.8000E+00
             40                 20                101         6.2500E+00
             40                 21                 71         6.8000E+00
             40                 22                 75         7.4500E+00
             40                 23                 67         8.2000E+00
             40                 24                 48         9.0500E+00
             40                 25                 26         1.0000E+01
             40                 26                 23         1.1050E+01
             40                 28                  1         1.3450E+01
             41                 12                  3         4.5000E+00
             41                 13                  4         4.2500E+00
             41                 14                 30         4.1000E+00
             41                 15                 86         4.0500E+00
             41                 16                103         4.1000E+00
             41                 17                149         4.2500E+00
             41                 18                179         4.5000E+00
             41                 19                267         4.8500E+00
             41                 20                428         5.3000E+00
             41                 21                438         5.8500E+00
             41                 22                553         6.5000E+00
             41                 23                423         7.2500E+00
             41                 24                253         8.1000E+00
             41                 25                180         9.0500E+00
             41                 26                 98         1.0100E+01
             41                 27                 34         1.1250E+01
             41                 28                 14         1.2500E+01
             42                 11                  1         4.0000E+00
             42                 12                  9         3.6500E+00
             42                 13                 47         3.4000E+00
             42                 14                184         3.2500E+00
             42                 15                314         3.2000E+00
             42                 16                511         3.2500E+00
             42                 17                828         3.4000E+00
             42                 18               1020         3.6500E+00
             42                 19               1654         4.0000E+00
             42                 20               2207         4.4500E+00
             42                 21               2243         5.0000E+00
             42                 22               2147         5.6500E+00
             42                 23               1666         6.4000E+00
             42                 24               1218         7.2500E+00
             42                 25                697         8.2000E+00
             42                 26                385         9.2500E+00
             42                 27                149         1.0400E+01
             42                 28                 46         1.1650E+01
             42                 29                  2         1.3000E+01
             43                 11                 10         3.2500E+00
             43                 12                 29         2.9000E+00
             43                 13                220         2.6500E+00
             43                 14                498         2.5000E+00
             43                 15               1178         2.4500E+00
             43                 16               1980         2.5000E+00
             43                 17               3335         2.6500E+00
             43                 18               4048         2.9000E+00
             43                 19               5684         3.2500E+00
             43                 20               6770         3.7000E+00
             43                 21               6868         4.2500E+00
             43                 22               5827         4.9000E+00
             43                 23               5116         5.6500E+00
             43                 24               3580         6.5000E+00
             43                 25               2199         7.4500E+00
             43                 26               1150         8.5000E+00
             43                 27                475         9.6500E+00
             43                 28                105         1.0900E+01
             43                 29                 27         1.2250E+01
             43                 30                  1         1.3700E+01
             44                 10                  1         3.0500E+00
             44                 11                 48         2.6000E+00
             44                 12                153         2.2500E+00
             44                 13                469         2.0000E+00
             44                 14               1329         1.8500E+00
             44                 15               2837         1.8000E+00
             44                 16               5354         1.8500E+00
             44                 17               8620         2.0000E+00
             44                 18              10647         2.2500E+00
             44                 19              13388         2.6000E+00
             44                 20              15783         3.0500E+00
             44                 21              16044         3.6000E+00
             44                 22              14093         4.2500E+00
             44                 23              11964         5.0000E+00
             44                 24               8893         5.8500E+00
             44                 25               5297         6.8000E+00
             44                 26               2387         7.8500E+00
             44                 27                999         9.0000E+00
             44                 28                287         1.0250E+01
             44                 29                 36         1.1600E+01
             44                 30                  3         1.3050E+01
             45                 10                  4         2.5000E+00
             45                 11                 66         2.0500E+00
             45                 12                245         1.7000E+00
             45                 13                844         1.4500E+00
             45                 14               2255         1.3000E+00
             45                 15               5494         1.2500E+00
             45                 16              10230         1.3000E+00
             45                 17              15045         1.4500E+00
             45                 18              19231         1.7000E+00
             45                 19              23536         2.0500E+00
             45                 20              26259         2.5000E+00
             45                 21              27281         3.0500E+00
             45                 22              24506         3.7000E+00
             45                 23              21220         4.4500E+00
             45                 24              15423         5.3000E+00
             45                 25               8485         6.2500E+00
             45                 26               3764         7.3000E+00
             45                 27               1398         8.4500E+00
             45                 28                406         9.7000E+00
             45                 29                 79         1.1050E+01
             45                 30                  7         1.2500E+01
             45                 31                  1         1.4050E+01
             46                 10                  2         2.0500E+00
             46                 11                 55         1.6000E+00
             46                 12                351         1.2500E+00
             46                 13               1161         1.0000E+00
             46                 14               3260         8.5000E-01
             46                 15               7472         8.0000E-01
             46                 16              13335         8.5000E-01
             46                 17              19686         1.0000E+00
             46                 18              24727         1.2500E+00
             46                 19              28091         1.6000E+00
             46                 20              30798         2.0500E+00
             46                 21              32252         2.6000E+00
             46                 22              29276         3.2500E+00
             46                 23              24804         4.0000E+00
             46                 24              17478         4.8500E+00
             46                 25               9577         5.8000E+00
             46                 26               3806         6.8500E+00
             46                 27               1395         8.0000E+00
             46                 28                521         9.2500E+00
             46                 29                124         1.0600E+01
             46                 30                 17         1.2050E+01
             46                 31                  4         1.3600E+01
             47                 10                  5         1.7000E+00
             47                 11                 68         1.2500E+00
             47                 12                347         9.0000E-01
             47                 13               1234         6.5000E-01
             47                 14               3387         5.0000E-01
             47                 15               7627         4.5000E-01
             47                 16              13053         5.0000E-01
             47                 17              17407         6.5000E-01
             47                 18              21522         9.0000E-01
             47                 19              23416         1.2500E+00
             47                 20              24644         1.7000E+00
             47                 21              24036         2.2500E+00
             47                 22              22469         2.9000E+00
             47                 23              19150         3.6500E+00
             47                 24              13014         4.5000E+00
             47                 25               6857         5.4500E+00
             47                 26               2780         6.5000E+00
             47                 27                888         7.6500E+00
             47                 28                216         8.9000E+00
             47                 29                 35         1.0250E+01
             47                 30                 11         1.1700E+01
             47                 31                  5         1.3250E+01
             48                 10                  7         1.4500E+00
             48                 11                 69         1.0000E+00
             48                 12                239         6.5000E-01
             48                 13                872         4.0000E-01
             48                 14               2155         2.5000E-01
             48                 15               4564         2.0000E-01
             48                 16               8334         2.5000E-01
             48                 17              10837         4.0000E-01
             48                 18              12337         6.5000E-01
             48                 19              13139         1.0000E+00
             48                 20              12907         1.4500E+00
             48                 21              12593         2.0000E+00
             48                 22              11951         2.6500E+00
             48                 23               9308         3.4000E+00
             48                 24               6297         4.2500E+00
             48                 25               3084         5.2000E+00
             48                 26               1258         6.2500E+00
             48                 27                337         7.4000E+00
             48                 28                 89         8.6500E+00
             48                 29                 37         1.0000E+01
             48                 30                 10         1.1450E+01
             49                 10                  7         1.3000E+00
             49                 11                 22         8.5000E-01
             49                 12                 76         5.0000E-01
             49                 13                359         2.5000E-01
             49                 14                989         1.0000E-01
             49                 15               2015         5.0000E-02
             49                 16               3195         1.0000E-01
             49                 17               3944         2.5000E-01
             49                 18               4411         5.0000E-01
             49                 19               4525         8.5000E-01
             49                 20               4604         1.3000E+00
             49                 21               4590         1.8500E+00
             49                 22               4465         2.5000E+00
             49                 23               3115         3.2500E+00
             49                 24               1525         4.1000E+00
             49                 25                732         5.0500E+00
             49                 26                330         6.1000E+00
             49                 27                146         7.2500E+00
             49                 28                 53         8.5000E+00
             49                 29                 26         9.8500E+00
             50                 12                  3         4.5000E-01
             50                 13                 45         2.0000E-01
             50                 14                138         5.0000E-02
             50                 15                343         0.0000E+00
             50                 16                633         5.0000E-02
             50                 17                831         2.0000E-01
             50                 18                697         4.5000E-01
             50                 19                677         8.0000E-01
             50                 20                834         1.2500E+00
             50                 21               1024         1.8000E+00
             50                 22                785         2.4500E+00
             50                 23                539         3.2000E+00
             50                 24                315         4.0500E+00
             50                 25                103         5.0000E+00
             50                 26                 58         6.0500E+00
             50                 27                 46         7.2000E+00
             50                 28                 13         8.4500E+00
             51                 14                 16         1.0000E-01
             51                 15                 20         5.0000E-02
             51                 16                 26         1.0000E-01
             51                 17                 35         2.5000E-01
             51                 18                 44         5.0000E-01
             51                 19                 19         8.5000E-01
             51                 20                 28         1.3000E+00
             51                 21                 17         1.8500E+00
             51                 22                 24         2.5000E+00
             51                 23                 36         3.2500E+00
             51                 24                 10         4.1000E+00
             51                 25                  1         5.0500E+00
             51                 27                  5         7.2500E+00
             51                 28                  5         8.5000E+00
             52                 16                  3         2.5000E-01
             52                 18                  1         6.5000E-01
