  #Crystal Size      Water Content              Count               Bias
             36                  8                  1         1.2500E+01
             36                  9                  2         1.3850E+01
             36                 10                  6         1.5300E+01
             36                 12                  3         1.8500E+01
             36                 13                  4         2.0250E+01
             37                  6                  1         9.2500E+00
             37                  7                  3         1.0400E+01
             37                  8                  4         1.1650E+01
             37                  9                 12         1.3000E+01
             37                 10                  7         1.4450E+01
             37                 11                 13         1.6000E+01
             37                 12                  7         1.7650E+01
             37                 13                 16         1.9400E+01
             38                  5                  3         7.4500E+00
             38                  6                 16         8.5000E+00
             38                  7                 52         9.6500E+00
             38                  8                 60         1.0900E+01
             38                  9                141         1.2250E+01
             38                 10                 92         1.3700E+01
             38                 11                 26         1.5250E+01
             38                 12                 46         1.6900E+01
             38                 13                 28         1.8650E+01
             38                 14                  6         2.0500E+01
             39                  4                  2         5.8500E+00
             39                  5                 41         6.8000E+00
             39                  6                128         7.8500E+00
             39                  7                228         9.0000E+00
             39                  8                486         1.0250E+01
             39                  9                600         1.1600E+01
             39                 10                460         1.3050E+01
             39                 11                267         1.4600E+01
             39                 12                238         1.6250E+01
             39                 13                124         1.8000E+01
             39                 14                 39         1.9850E+01
             39                 15                  1         2.1800E+01
             39                 16                  4         2.3850E+01
             40                  4                 26         5.3000E+00
             40                  5                152         6.2500E+00
             40                  6                529         7.3000E+00
             40                  7               1227         8.4500E+00
             40                  8               2088         9.7000E+00
             40                  9               2367         1.1050E+01
             40                 10               1701         1.2500E+01
             40                 11               1102         1.4050E+01
             40                 12                562         1.5700E+01
             40                 13                230         1.7450E+01
             40                 14                 95         1.9300E+01
             40                 15                 18         2.1250E+01
             40                 16                  9         2.3300E+01
             40                 17                  2         2.5450E+01
             41                  4                 87         4.8500E+00
             41                  5                496         5.8000E+00
             41                  6               1773         6.8500E+00
             41                  7               3942         8.0000E+00
             41                  8               6556         9.2500E+00
             41                  9               7498         1.0600E+01
             41                 10               6095         1.2050E+01
             41                 11               3551         1.3600E+01
             41                 12               2088         1.5250E+01
             41                 13               1022         1.7000E+01
             41                 14                554         1.8850E+01
             41                 15                144         2.0800E+01
             41                 16                 40         2.2850E+01
             41                 17                  1         2.5000E+01
             42                  2                  2         2.9000E+00
             42                  3                  5         3.6500E+00
             42                  4                166         4.5000E+00
             42                  5               1183         5.4500E+00
             42                  6               4065         6.5000E+00
             42                  7               9907         7.6500E+00
             42                  8              15576         8.9000E+00
             42                  9              17097         1.0250E+01
             42                 10              13415         1.1700E+01
             42                 11               8860         1.3250E+01
             42                 12               5170         1.4900E+01
             42                 13               2520         1.6650E+01
             42                 14               1057         1.8500E+01
             42                 15                353         2.0450E+01
             42                 16                 65         2.2500E+01
             42                 17                  4         2.4650E+01
             43                  2                  2         2.6500E+00
             43                  3                 32         3.4000E+00
             43                  4                453         4.2500E+00
             43                  5               2556         5.2000E+00
             43                  6               7828         6.2500E+00
             43                  7              18964         7.4000E+00
             43                  8              28854         8.6500E+00
             43                  9              30723         1.0000E+01
             43                 10              23824         1.1450E+01
             43                 11              15985         1.3000E+01
             43                 12               9384         1.4650E+01
             43                 13               4467         1.6400E+01
             43                 14               1917         1.8250E+01
             43                 15                637         2.0200E+01
             43                 16                141         2.2250E+01
             43                 17                  4         2.4400E+01
             43                 18                  2         2.6650E+01
             44                  3                 37         3.2500E+00
             44                  4                776         4.1000E+00
             44                  5               3752         5.0500E+00
             44                  6              13084         6.1000E+00
             44                  7              28263         7.2500E+00
             44                  8              41453         8.5000E+00
             44                  9              42244         9.8500E+00
             44                 10              33478         1.1300E+01
             44                 11              21801         1.2850E+01
             44                 12              11593         1.4500E+01
             44                 13               5891         1.6250E+01
             44                 14               2699         1.8100E+01
             44                 15               1034         2.0050E+01
             44                 16                186         2.2100E+01
             44                 17                 13         2.4250E+01
             44                 18                  7         2.6500E+01
             45                  3                 14         3.2000E+00
             45                  4                894         4.0500E+00
             45                  5               4546         5.0000E+00
             45                  6              14725         6.0500E+00
             45                  7              32407         7.2000E+00
             45                  8              47698         8.4500E+00
             45                  9              46769         9.8000E+00
             45                 10              35736         1.1250E+01
             45                 11              23092         1.2800E+01
             45                 12              11610         1.4450E+01
             45                 13               5674         1.6200E+01
             45                 14               2429         1.8050E+01
             45                 15                825         2.0000E+01
             45                 16                241         2.2050E+01
             45                 17                 44         2.4200E+01
             46                  3                 18         3.2500E+00
             46                  4                663         4.1000E+00
             46                  5               3894         5.0500E+00
             46                  6              12734         6.1000E+00
             46                  7              26076         7.2500E+00
             46                  8              37690         8.5000E+00
             46                  9              36041         9.8500E+00
             46                 10              27580         1.1300E+01
             46                 11              18443         1.2850E+01
             46                 12               9507         1.4500E+01
             46                 13               4160         1.6250E+01
             46                 14               1673         1.8100E+01
             46                 15                521         2.0050E+01
             46                 16                152         2.2100E+01
             46                 17                 20         2.4250E+01
             47                  3                 10         3.4000E+00
             47                  4                334         4.2500E+00
             47                  5               2156         5.2000E+00
             47                  6               6208         6.2500E+00
             47                  7              13296         7.4000E+00
             47                  8              19202         8.6500E+00
             47                  9              18481         1.0000E+01
             47                 10              14630         1.1450E+01
             47                 11               8916         1.3000E+01
             47                 12               4855         1.4650E+01
             47                 13               1708         1.6400E+01
             47                 14                558         1.8250E+01
             47                 15                191         2.0200E+01
             47                 16                 41         2.2250E+01
             47                 17                  1         2.4400E+01
             48                  3                  7         3.6500E+00
             48                  4                 89         4.5000E+00
             48                  5                447         5.4500E+00
             48                  6               1513         6.5000E+00
             48                  7               3477         7.6500E+00
             48                  8               4927         8.9000E+00
             48                  9               4936         1.0250E+01
             48                 10               3793         1.1700E+01
             48                 11               2617         1.3250E+01
             48                 12               1022         1.4900E+01
             48                 13                322         1.6650E+01
             48                 14                 97         1.8500E+01
             48                 15                 23         2.0450E+01
             49                  4                  7         4.8500E+00
             49                  5                 44         5.8000E+00
             49                  6                124         6.8500E+00
             49                  7                251         8.0000E+00
             49                  8                417         9.2500E+00
             49                  9                368         1.0600E+01
             49                 10                192         1.2050E+01
             49                 11                 96         1.3600E+01
             49                 12                 66         1.5250E+01
             49                 13                 17         1.7000E+01
             49                 14                  4         1.8850E+01
             49                 15                  2         2.0800E+01
             50                  5                  3         6.2500E+00
             50                  6                  2         7.3000E+00
             50                  7                  7         8.4500E+00
             50                  8                  1         9.7000E+00
             50                  9                  8         1.1050E+01
             50                 10                  3         1.2500E+01
             50                 12                  3         1.5700E+01
             51                  8                  1         1.0250E+01
