  #Crystal Size      Water Content              Count               Bias
             37                  3                  3         1.1650E+01
             37                  4                  3         1.3000E+01
             37                  5                  8         1.4450E+01
             38                  2                  1         9.6500E+00
             38                  3                  8         1.0900E+01
             38                  4                 41         1.2250E+01
             38                  5                 60         1.3700E+01
             38                  6                 22         1.5250E+01
             38                  7                 20         1.6900E+01
             38                  8                  9         1.8650E+01
             39                  1                  1         7.8500E+00
             39                  2                 24         9.0000E+00
             39                  3                 61         1.0250E+01
             39                  4                224         1.1600E+01
             39                  5                268         1.3050E+01
             39                  6                237         1.4600E+01
             39                  7                167         1.6250E+01
             39                  8                 86         1.8000E+01
             39                  9                  2         1.9850E+01
             39                 10                  4         2.1800E+01
             40                  0                  2         6.2500E+00
             40                  1                 51         7.3000E+00
             40                  2                191         8.4500E+00
             40                  3                397         9.7000E+00
             40                  4                723         1.1050E+01
             40                  5               1112         1.2500E+01
             40                  6               1034         1.4050E+01
             40                  7                789         1.5700E+01
             40                  8                330         1.7450E+01
             40                  9                 48         1.9300E+01
             40                 10                 23         2.1250E+01
             40                 11                  2         2.3300E+01
             41                  0                 21         5.8000E+00
             41                  1                232         6.8500E+00
             41                  2                781         8.0000E+00
             41                  3               1682         9.2500E+00
             41                  4               3284         1.0600E+01
             41                  5               4559         1.2050E+01
             41                  6               4368         1.3600E+01
             41                  7               3037         1.5250E+01
             41                  8               1094         1.7000E+01
             41                  9                276         1.8850E+01
             41                 10                 31         2.0800E+01
             41                 11                 18         2.2850E+01
             42                  0                 81         5.4500E+00
             42                  1                738         6.5000E+00
             42                  2               2126         7.6500E+00
             42                  3               5646         8.9000E+00
             42                  4              10379         1.0250E+01
             42                  5              13739         1.1700E+01
             42                  6              12330         1.3250E+01
             42                  7               7842         1.4900E+01
             42                  8               3001         1.6650E+01
             42                  9                719         1.8500E+01
             42                 10                154         2.0450E+01
             42                 11                  4         2.2500E+01
             43                  0                160         5.2000E+00
             43                  1               1333         6.2500E+00
             43                  2               4995         7.4000E+00
             43                  3              12440         8.6500E+00
             43                  4              23922         1.0000E+01
             43                  5              31145         1.1450E+01
             43                  6              28311         1.3000E+01
             43                  7              16945         1.4650E+01
             43                  8               6155         1.6400E+01
             43                  9               1593         1.8250E+01
             43                 10                305         2.0200E+01
             43                 11                 36         2.2250E+01
             43                 12                  1         2.4400E+01
             44                  0                370         5.0500E+00
             44                  1               2295         6.1000E+00
             44                  2               8723         7.2500E+00
             44                  3              20217         8.5000E+00
             44                  4              39418         9.8500E+00
             44                  5              52068         1.1300E+01
             44                  6              46782         1.2850E+01
             44                  7              28734         1.4500E+01
             44                  8              10310         1.6250E+01
             44                  9               2970         1.8100E+01
             44                 10                670         2.0050E+01
             44                 11                 85         2.2100E+01
             44                 12                  3         2.4250E+01
             45                  0                552         5.0000E+00
             45                  1               2839         6.0500E+00
             45                  2              10442         7.2000E+00
             45                  3              25355         8.4500E+00
             45                  4              47222         9.8000E+00
             45                  5              61951         1.1250E+01
             45                  6              57166         1.2800E+01
             45                  7              32134         1.4450E+01
             45                  8              12330         1.6200E+01
             45                  9               3486         1.8050E+01
             45                 10                603         2.0000E+01
             45                 11                112         2.2050E+01
             45                 12                 24         2.4200E+01
             46                  0                512         5.0500E+00
             46                  1               2717         6.1000E+00
             46                  2               8463         7.2500E+00
             46                  3              20341         8.5000E+00
             46                  4              37478         9.8500E+00
             46                  5              47922         1.1300E+01
             46                  6              44149         1.2850E+01
             46                  7              25903         1.4500E+01
             46                  8              10588         1.6250E+01
             46                  9               2813         1.8100E+01
             46                 10                509         2.0050E+01
             46                 11                102         2.2100E+01
             46                 12                 14         2.4250E+01
             47                  0                293         5.2000E+00
             47                  1               1349         6.2500E+00
             47                  2               4600         7.4000E+00
             47                  3               9895         8.6500E+00
             47                  4              19168         1.0000E+01
             47                  5              23313         1.1450E+01
             47                  6              20603         1.3000E+01
             47                  7              11862         1.4650E+01
             47                  8               4767         1.6400E+01
             47                  9               1485         1.8250E+01
             47                 10                267         2.0200E+01
             47                 11                 35         2.2250E+01
             47                 12                  2         2.4400E+01
             48                  0                 99         5.4500E+00
             48                  1                516         6.5000E+00
             48                  2               1462         7.6500E+00
             48                  3               2589         8.9000E+00
             48                  4               4853         1.0250E+01
             48                  5               5073         1.1700E+01
             48                  6               4792         1.3250E+01
             48                  7               2714         1.4900E+01
             48                  8               1052         1.6650E+01
             48                  9                245         1.8500E+01
             48                 10                 27         2.0450E+01
             48                 11                  5         2.2500E+01
             49                  0                 26         5.8000E+00
             49                  1                100         6.8500E+00
             49                  2                100         8.0000E+00
             49                  3                185         9.2500E+00
             49                  4                188         1.0600E+01
             49                  5                223         1.2050E+01
             49                  6                176         1.3600E+01
             49                  7                 81         1.5250E+01
             49                  8                 16         1.7000E+01
             49                  9                 12         1.8850E+01
             50                  0                  2         6.2500E+00
             50                  1                  1         7.3000E+00
             50                  3                  6         9.7000E+00
             50                  4                  3         1.1050E+01
             50                  5                  9         1.2500E+01
