  #Crystal Size      Water Content              Count               Bias
             23                 20                  2         1.3700E+01
             23                 21                  3         1.5250E+01
             24                 19                  2         1.1600E+01
             24                 20                 14         1.3050E+01
             24                 21                  8         1.4600E+01
             24                 22                  1         1.6250E+01
             24                 23                  1         1.8000E+01
             25                 18                  2         9.7000E+00
             25                 19                 17         1.1050E+01
             25                 20                 39         1.2500E+01
             25                 21                 25         1.4050E+01
             25                 22                 27         1.5700E+01
             25                 24                  2         1.9300E+01
             26                 17                  5         8.0000E+00
             26                 18                 17         9.2500E+00
             26                 19                 51         1.0600E+01
             26                 20                 76         1.2050E+01
             26                 21                 79         1.3600E+01
             26                 22                 63         1.5250E+01
             26                 23                 41         1.7000E+01
             26                 24                  9         1.8850E+01
             27                 16                  6         6.5000E+00
             27                 17                 16         7.6500E+00
             27                 18                116         8.9000E+00
             27                 19                283         1.0250E+01
             27                 20                381         1.1700E+01
             27                 21                288         1.3250E+01
             27                 22                204         1.4900E+01
             27                 23                 95         1.6650E+01
             27                 24                 62         1.8500E+01
             27                 25                  4         2.0450E+01
             28                 16                 18         6.2500E+00
             28                 17                107         7.4000E+00
             28                 18                388         8.6500E+00
             28                 19                800         1.0000E+01
             28                 20               1120         1.1450E+01
             28                 21                998         1.3000E+01
             28                 22                697         1.4650E+01
             28                 23                518         1.6400E+01
             28                 24                201         1.8250E+01
             28                 25                 22         2.0200E+01
             28                 26                  3         2.2250E+01
             29                 15                  7         5.0500E+00
             29                 16                 73         6.1000E+00
             29                 17                292         7.2500E+00
             29                 18                925         8.5000E+00
             29                 19               1978         9.8500E+00
             29                 20               2648         1.1300E+01
             29                 21               2756         1.2850E+01
             29                 22               2035         1.4500E+01
             29                 23               1518         1.6250E+01
             29                 24                629         1.8100E+01
             29                 25                129         2.0050E+01
             29                 26                 31         2.2100E+01
             29                 27                  1         2.4250E+01
             30                 14                  1         4.0500E+00
             30                 15                 43         5.0000E+00
             30                 16                282         6.0500E+00
             30                 17                856         7.2000E+00
             30                 18               2065         8.4500E+00
             30                 19               3883         9.8000E+00
             30                 20               5644         1.1250E+01
             30                 21               6276         1.2800E+01
             30                 22               5285         1.4450E+01
             30                 23               3842         1.6200E+01
             30                 24               1554         1.8050E+01
             30                 25                344         2.0000E+01
             30                 26                 63         2.2050E+01
             30                 27                  4         2.4200E+01
             31                 14                  2         4.1000E+00
             31                 15                 66         5.0500E+00
             31                 16                525         6.1000E+00
             31                 17               1833         7.2500E+00
             31                 18               3981         8.5000E+00
             31                 19               6800         9.8500E+00
             31                 20              10840         1.1300E+01
             31                 21              12996         1.2850E+01
             31                 22              11241         1.4500E+01
             31                 23               7114         1.6250E+01
             31                 24               2812         1.8100E+01
             31                 25                723         2.0050E+01
             31                 26                120         2.2100E+01
             31                 27                 17         2.4250E+01
             32                 14                 20         4.2500E+00
             32                 15                161         5.2000E+00
             32                 16                911         6.2500E+00
             32                 17               3117         7.4000E+00
             32                 18               7039         8.6500E+00
             32                 19              12338         1.0000E+01
             32                 20              19013         1.1450E+01
             32                 21              23591         1.3000E+01
             32                 22              20240         1.4650E+01
             32                 23              11210         1.6400E+01
             32                 24               4872         1.8250E+01
             32                 25               1212         2.0200E+01
             32                 26                171         2.2250E+01
             32                 27                 22         2.4400E+01
             33                 14                 44         4.5000E+00
             33                 15                294         5.4500E+00
             33                 16               1461         6.5000E+00
             33                 17               4832         7.6500E+00
             33                 18              10647         8.9000E+00
             33                 19              20714         1.0250E+01
             33                 20              30283         1.1700E+01
             33                 21              34847         1.3250E+01
             33                 22              28578         1.4900E+01
             33                 23              15560         1.6650E+01
             33                 24               5364         1.8500E+01
             33                 25               1400         2.0450E+01
             33                 26                137         2.2500E+01
             33                 27                 19         2.4650E+01
             34                 14                 88         4.8500E+00
             34                 15                451         5.8000E+00
             34                 16               1894         6.8500E+00
             34                 17               6340         8.0000E+00
             34                 18              13902         9.2500E+00
             34                 19              27539         1.0600E+01
             34                 20              38904         1.2050E+01
             34                 21              41622         1.3600E+01
             34                 22              31955         1.5250E+01
             34                 23              16907         1.7000E+01
             34                 24               5696         1.8850E+01
             34                 25               1208         2.0800E+01
             34                 26                205         2.2850E+01
             34                 27                 15         2.5000E+01
             35                 13                  1         4.4500E+00
             35                 14                114         5.3000E+00
             35                 15                520         6.2500E+00
             35                 16               2506         7.3000E+00
             35                 17               7412         8.4500E+00
             35                 18              16860         9.7000E+00
             35                 19              29959         1.1050E+01
             35                 20              38743         1.2500E+01
             35                 21              37262         1.4050E+01
             35                 22              26997         1.5700E+01
             35                 23              13569         1.7450E+01
             35                 24               4400         1.9300E+01
             35                 25                886         2.1250E+01
             35                 26                199         2.3300E+01
             35                 27                 11         2.5450E+01
             36                 13                 21         5.0000E+00
             36                 14                135         5.8500E+00
             36                 15                568         6.8000E+00
             36                 16               2243         7.8500E+00
             36                 17               6855         9.0000E+00
             36                 18              15052         1.0250E+01
             36                 19              25680         1.1600E+01
             36                 20              30443         1.3050E+01
             36                 21              27260         1.4600E+01
             36                 22              18148         1.6250E+01
             36                 23               8607         1.8000E+01
             36                 24               2261         1.9850E+01
             36                 25                551         2.1800E+01
             36                 26                 33         2.3850E+01
             37                 13                  1         5.6500E+00
             37                 14                112         6.5000E+00
             37                 15                444         7.4500E+00
             37                 16               1330         8.5000E+00
             37                 17               4218         9.6500E+00
             37                 18              10116         1.0900E+01
             37                 19              15883         1.2250E+01
             37                 20              18471         1.3700E+01
             37                 21              14771         1.5250E+01
             37                 22               9152         1.6900E+01
             37                 23               3735         1.8650E+01
             37                 24                984         2.0500E+01
             37                 25                293         2.2450E+01
             37                 26                 34         2.4500E+01
             38                 14                 44         7.2500E+00
             38                 15                161         8.2000E+00
             38                 16                597         9.2500E+00
             38                 17               1926         1.0400E+01
             38                 18               4725         1.1650E+01
             38                 19               7530         1.3000E+01
             38                 20               8598         1.4450E+01
             38                 21               6920         1.6000E+01
             38                 22               3745         1.7650E+01
             38                 23               1227         1.9400E+01
             38                 24                305         2.1250E+01
             38                 25                 78         2.3200E+01
             38                 26                  3         2.5250E+01
             39                 14                  2         8.1000E+00
             39                 15                 63         9.0500E+00
             39                 16                236         1.0100E+01
             39                 17                590         1.1250E+01
             39                 18               1496         1.2500E+01
             39                 19               2426         1.3850E+01
             39                 20               2703         1.5300E+01
             39                 21               2128         1.6850E+01
             39                 22               1003         1.8500E+01
             39                 23                393         2.0250E+01
             39                 24                 68         2.2100E+01
             39                 25                 13         2.4050E+01
             40                 15                 22         1.0000E+01
             40                 16                 24         1.1050E+01
             40                 17                 75         1.2200E+01
             40                 18                267         1.3450E+01
             40                 19                478         1.4800E+01
             40                 20                520         1.6250E+01
             40                 21                422         1.7800E+01
             40                 22                234         1.9450E+01
             40                 23                 95         2.1200E+01
             40                 24                 14         2.3050E+01
             41                 15                  1         1.1050E+01
             41                 16                  3         1.2100E+01
             41                 17                 10         1.3250E+01
             41                 18                 18         1.4500E+01
             41                 19                 39         1.5850E+01
             41                 20                 34         1.7300E+01
             41                 21                 27         1.8850E+01
             41                 22                 16         2.0500E+01
             41                 23                  6         2.2250E+01
             42                 19                  2         1.7000E+01
             42                 21                  3         2.0000E+01
             42                 22                  1         2.1650E+01
             42                 23                  1         2.3400E+01
