  #Crystal Size      Water Content              Count               Bias
             39                  6                  2         1.2100E+01
             39                  8                  2         1.4500E+01
             39                 10                  2         1.7300E+01
             40                  3                  1         8.2000E+00
             40                  4                 13         9.0500E+00
             40                  5                 14         1.0000E+01
             40                  6                 61         1.1050E+01
             40                  7                 35         1.2200E+01
             40                  8                 35         1.3450E+01
             40                  9                  9         1.4800E+01
             40                 10                 12         1.6250E+01
             40                 11                  2         1.7800E+01
             41                  2                  9         6.5000E+00
             41                  3                 20         7.2500E+00
             41                  4                 97         8.1000E+00
             41                  5                152         9.0500E+00
             41                  6                254         1.0100E+01
             41                  7                276         1.1250E+01
             41                  8                192         1.2500E+01
             41                  9                123         1.3850E+01
             41                 10                 91         1.5300E+01
             41                 11                 43         1.6850E+01
             41                 12                  5         1.8500E+01
             42                  1                  9         5.0000E+00
             42                  2                 50         5.6500E+00
             42                  3                141         6.4000E+00
             42                  4                535         7.2500E+00
             42                  5               1170         8.2000E+00
             42                  6               1428         9.2500E+00
             42                  7               1255         1.0400E+01
             42                  8                994         1.1650E+01
             42                  9                646         1.3000E+01
             42                 10                390         1.4450E+01
             42                 11                191         1.6000E+01
             42                 12                 93         1.7650E+01
             42                 13                 11         1.9400E+01
             42                 14                 16         2.1250E+01
             43                  0                 10         3.7000E+00
             43                  1                 77         4.2500E+00
             43                  2                190         4.9000E+00
             43                  3                607         5.6500E+00
             43                  4               2081         6.5000E+00
             43                  5               3975         7.4500E+00
             43                  6               5191         8.5000E+00
             43                  7               5042         9.6500E+00
             43                  8               3701         1.0900E+01
             43                  9               2402         1.2250E+01
             43                 10               1479         1.3700E+01
             43                 11                781         1.5250E+01
             43                 12                290         1.6900E+01
             43                 13                 63         1.8650E+01
             43                 14                 56         2.0500E+01
             43                 15                  1         2.2450E+01
             44                  0                 40         3.0500E+00
             44                  1                266         3.6000E+00
             44                  2                806         4.2500E+00
             44                  3               2224         5.0000E+00
             44                  4               5776         5.8500E+00
             44                  5              10307         6.8000E+00
             44                  6              13091         7.8500E+00
             44                  7              13182         9.0000E+00
             44                  8              10208         1.0250E+01
             44                  9               6810         1.1600E+01
             44                 10               4172         1.3050E+01
             44                 11               2204         1.4600E+01
             44                 12               1100         1.6250E+01
             44                 13                316         1.8000E+01
             44                 14                134         1.9850E+01
             44                 15                 14         2.1800E+01
             45                  0                 99         2.5000E+00
             45                  1                670         3.0500E+00
             45                  2               2135         3.7000E+00
             45                  3               5381         4.4500E+00
             45                  4              12491         5.3000E+00
             45                  5              20712         6.2500E+00
             45                  6              26051         7.3000E+00
             45                  7              25231         8.4500E+00
             45                  8              20433         9.7000E+00
             45                  9              13530         1.1050E+01
             45                 10               8568         1.2500E+01
             45                 11               4069         1.4050E+01
             45                 12               1790         1.5700E+01
             45                 13                593         1.7450E+01
             45                 14                165         1.9300E+01
             45                 15                 24         2.1250E+01
             46                  0                242         2.0500E+00
             46                  1               1267         2.6000E+00
             46                  2               4320         3.2500E+00
             46                  3              11278         4.0000E+00
             46                  4              22468         4.8500E+00
             46                  5              33476         5.8000E+00
             46                  6              39346         6.8500E+00
             46                  7              36628         8.0000E+00
             46                  8              27802         9.2500E+00
             46                  9              18920         1.0600E+01
             46                 10              11785         1.2050E+01
             46                 11               5414         1.3600E+01
             46                 12               1893         1.5250E+01
             46                 13                686         1.7000E+01
             46                 14                151         1.8850E+01
             46                 15                 27         2.0800E+01
             47                  0                404         1.7000E+00
             47                  1               2070         2.2500E+00
             47                  2               6168         2.9000E+00
             47                  3              15718         3.6500E+00
             47                  4              30081         4.5000E+00
             47                  5              41064         5.4500E+00
             47                  6              42502         6.5000E+00
             47                  7              36856         7.6500E+00
             47                  8              26840         8.9000E+00
             47                  9              16686         1.0250E+01
             47                 10               9507         1.1700E+01
             47                 11               4356         1.3250E+01
             47                 12               1506         1.4900E+01
             47                 13                371         1.6650E+01
             47                 14                165         1.8500E+01
             47                 15                 11         2.0450E+01
             48                  0                355         1.4500E+00
             48                  1               1874         2.0000E+00
             48                  2               6595         2.6500E+00
             48                  3              15503         3.4000E+00
             48                  4              27347         4.2500E+00
             48                  5              36172         5.2000E+00
             48                  6              35702         6.2500E+00
             48                  7              27031         7.4000E+00
             48                  8              17537         8.6500E+00
             48                  9               8813         1.0000E+01
             48                 10               4514         1.1450E+01
             48                 11               1960         1.3000E+01
             48                 12                580         1.4650E+01
             48                 13                152         1.6400E+01
             48                 14                 60         1.8250E+01
             48                 15                  9         2.0200E+01
             49                  0                337         1.3000E+00
             49                  1               1150         1.8500E+00
             49                  2               3889         2.5000E+00
             49                  3               8703         3.2500E+00
             49                  4              15255         4.1000E+00
             49                  5              19958         5.0500E+00
             49                  6              18890         6.1000E+00
             49                  7              13966         7.2500E+00
             49                  8               7097         8.5000E+00
             49                  9               2896         9.8500E+00
             49                 10                961         1.1300E+01
             49                 11                209         1.2850E+01
             49                 12                 30         1.4500E+01
             49                 13                  1         1.6250E+01
             50                  0                 94         1.2500E+00
             50                  1                359         1.8000E+00
             50                  2                854         2.4500E+00
             50                  3               2228         3.2000E+00
             50                  4               3723         4.0500E+00
             50                  5               5353         5.0000E+00
             50                  6               5122         6.0500E+00
             50                  7               3707         7.2000E+00
             50                  8               1626         8.4500E+00
             50                  9                565         9.8000E+00
             50                 10                193         1.1250E+01
             50                 11                 78         1.2800E+01
             50                 12                  9         1.4450E+01
             51                  0                  5         1.3000E+00
             51                  1                 26         1.8500E+00
             51                  2                 79         2.5000E+00
             51                  3                155         3.2500E+00
             51                  4                263         4.1000E+00
             51                  5                349         5.0500E+00
             51                  6                331         6.1000E+00
             51                  7                269         7.2500E+00
             51                  8                 63         8.5000E+00
             51                  9                  6         9.8500E+00
             51                 10                 11         1.1300E+01
             51                 11                  1         1.2850E+01
             52                  3                  5         3.4000E+00
             52                  4                 23         4.2500E+00
             52                  5                 16         5.2000E+00
             52                  6                  6         6.2500E+00
             52                  7                  9         7.4000E+00
             53                  7                  1         7.6500E+00
