  #Crystal Size      Water Content              Count               Bias
             35                  8                  4         8.2000E+00
             36                  7                  1         6.5000E+00
             36                  8                 16         7.2500E+00
             36                  9                  1         8.1000E+00
             36                 10                  1         9.0500E+00
             36                 11                  1         1.0100E+01
             36                 13                  1         1.2500E+01
             37                  7                 10         5.6500E+00
             37                  8                 29         6.4000E+00
             37                  9                 36         7.2500E+00
             37                 10                 19         8.2000E+00
             37                 11                 40         9.2500E+00
             37                 12                 28         1.0400E+01
             37                 13                  6         1.1650E+01
             37                 14                  4         1.3000E+01
             37                 15                  1         1.4450E+01
             38                  5                  3         3.7000E+00
             38                  6                 16         4.2500E+00
             38                  7                113         4.9000E+00
             38                  8                254         5.6500E+00
             38                  9                228         6.5000E+00
             38                 10                204         7.4500E+00
             38                 11                332         8.5000E+00
             38                 12                182         9.6500E+00
             38                 13                 82         1.0900E+01
             38                 14                 21         1.2250E+01
             38                 15                 18         1.3700E+01
             38                 16                  9         1.5250E+01
             38                 17                  2         1.6900E+01
             39                  4                  2         2.6000E+00
             39                  5                 23         3.0500E+00
             39                  6                130         3.6000E+00
             39                  7                342         4.2500E+00
             39                  8                691         5.0000E+00
             39                  9                969         5.8500E+00
             39                 10               1180         6.8000E+00
             39                 11               1191         7.8500E+00
             39                 12                884         9.0000E+00
             39                 13                532         1.0250E+01
             39                 14                178         1.1600E+01
             39                 15                 52         1.3050E+01
             39                 16                 22         1.4600E+01
             39                 17                  1         1.6250E+01
             39                 18                  1         1.8000E+01
             40                  4                  9         2.0500E+00
             40                  5                 96         2.5000E+00
             40                  6                448         3.0500E+00
             40                  7               1204         3.7000E+00
             40                  8               2203         4.4500E+00
             40                  9               3576         5.3000E+00
             40                 10               4185         6.2500E+00
             40                 11               4113         7.3000E+00
             40                 12               3014         8.4500E+00
             40                 13               1903         9.7000E+00
             40                 14                835         1.1050E+01
             40                 15                234         1.2500E+01
             40                 16                 56         1.4050E+01
             40                 17                  4         1.5700E+01
             41                  3                  1         1.2500E+00
             41                  4                 44         1.6000E+00
             41                  5                386         2.0500E+00
             41                  6               1407         2.6000E+00
             41                  7               3420         3.2500E+00
             41                  8               6943         4.0000E+00
             41                  9               9863         4.8500E+00
             41                 10              11423         5.8000E+00
             41                 11              10657         6.8500E+00
             41                 12               8541         8.0000E+00
             41                 13               5112         9.2500E+00
             41                 14               2244         1.0600E+01
             41                 15                755         1.2050E+01
             41                 16                172         1.3600E+01
             41                 17                 34         1.5250E+01
             42                  3                 12         9.0000E-01
             42                  4                150         1.2500E+00
             42                  5                899         1.7000E+00
             42                  6               2914         2.2500E+00
             42                  7               7238         2.9000E+00
             42                  8              14405         3.6500E+00
             42                  9              21257         4.5000E+00
             42                 10              23495         5.4500E+00
             42                 11              21598         6.5000E+00
             42                 12              17015         7.6500E+00
             42                 13              10520         8.9000E+00
             42                 14               4938         1.0250E+01
             42                 15               1708         1.1700E+01
             42                 16                489         1.3250E+01
             42                 17                 63         1.4900E+01
             42                 18                 13         1.6650E+01
             43                  3                 23         6.5000E-01
             43                  4                307         1.0000E+00
             43                  5               1459         1.4500E+00
             43                  6               4951         2.0000E+00
             43                  7              12154         2.6500E+00
             43                  8              22033         3.4000E+00
             43                  9              31849         4.2500E+00
             43                 10              36215         5.2000E+00
             43                 11              32196         6.2500E+00
             43                 12              24601         7.4000E+00
             43                 13              15714         8.6500E+00
             43                 14               7701         1.0000E+01
             43                 15               3015         1.1450E+01
             43                 16                707         1.3000E+01
             43                 17                183         1.4650E+01
             43                 18                 19         1.6400E+01
             44                  2                  1         2.5000E-01
             44                  3                 62         5.0000E-01
             44                  4                454         8.5000E-01
             44                  5               2116         1.3000E+00
             44                  6               6545         1.8500E+00
             44                  7              15074         2.5000E+00
             44                  8              25591         3.2500E+00
             44                  9              35268         4.1000E+00
             44                 10              40869         5.0500E+00
             44                 11              36527         6.1000E+00
             44                 12              27815         7.2500E+00
             44                 13              17473         8.5000E+00
             44                 14               9047         9.8500E+00
             44                 15               3512         1.1300E+01
             44                 16                903         1.2850E+01
             44                 17                196         1.4500E+01
             44                 18                 23         1.6250E+01
             44                 19                  2         1.8100E+01
             45                  2                  3         2.0000E-01
             45                  3                 67         4.5000E-01
             45                  4                468         8.0000E-01
             45                  5               2053         1.2500E+00
             45                  6               6593         1.8000E+00
             45                  7              13784         2.4500E+00
             45                  8              22654         3.2000E+00
             45                  9              30120         4.0500E+00
             45                 10              33349         5.0000E+00
             45                 11              30555         6.0500E+00
             45                 12              23492         7.2000E+00
             45                 13              14810         8.4500E+00
             45                 14               7636         9.8000E+00
             45                 15               3214         1.1250E+01
             45                 16                852         1.2800E+01
             45                 17                206         1.4450E+01
             45                 18                 43         1.6200E+01
             45                 19                  4         1.8050E+01
             46                  3                 94         5.0000E-01
             46                  4                416         8.5000E-01
             46                  5               1537         1.3000E+00
             46                  6               4246         1.8500E+00
             46                  7               8778         2.5000E+00
             46                  8              14582         3.2500E+00
             46                  9              18572         4.1000E+00
             46                 10              20081         5.0500E+00
             46                 11              18444         6.1000E+00
             46                 12              13986         7.2500E+00
             46                 13               9109         8.5000E+00
             46                 14               4496         9.8500E+00
             46                 15               1614         1.1300E+01
             46                 16                590         1.2850E+01
             46                 17                154         1.4500E+01
             46                 18                 26         1.6250E+01
             47                  2                  1         4.0000E-01
             47                  3                 64         6.5000E-01
             47                  4                203         1.0000E+00
             47                  5                689         1.4500E+00
             47                  6               1946         2.0000E+00
             47                  7               3976         2.6500E+00
             47                  8               6337         3.4000E+00
             47                  9               7971         4.2500E+00
             47                 10               7939         5.2000E+00
             47                 11               7155         6.2500E+00
             47                 12               5470         7.4000E+00
             47                 13               3531         8.6500E+00
             47                 14               1508         1.0000E+01
             47                 15                515         1.1450E+01
             47                 16                277         1.3000E+01
             47                 17                 71         1.4650E+01
             47                 18                  2         1.6400E+01
             48                  3                  3         9.0000E-01
             48                  4                 33         1.2500E+00
             48                  5                 82         1.7000E+00
             48                  6                485         2.2500E+00
             48                  7                972         2.9000E+00
             48                  8               1564         3.6500E+00
             48                  9               2045         4.5000E+00
             48                 10               2114         5.4500E+00
             48                 11               1884         6.5000E+00
             48                 12               1214         7.6500E+00
             48                 13                900         8.9000E+00
             48                 14                402         1.0250E+01
             48                 15                147         1.1700E+01
             48                 16                 99         1.3250E+01
             48                 17                 10         1.4900E+01
             49                  4                  3         1.6000E+00
             49                  5                  6         2.0500E+00
             49                  6                 34         2.6000E+00
             49                  7                 83         3.2500E+00
             49                  8                245         4.0000E+00
             49                  9                276         4.8500E+00
             49                 10                303         5.8000E+00
             49                 11                223         6.8500E+00
             49                 12                152         8.0000E+00
             49                 13                 91         9.2500E+00
             49                 14                 56         1.0600E+01
             49                 15                 26         1.2050E+01
             49                 16                 33         1.3600E+01
             49                 17                  6         1.5250E+01
             50                  7                  3         3.7000E+00
             50                  8                 17         4.4500E+00
             50                  9                 30         5.3000E+00
             50                 10                 57         6.2500E+00
             50                 11                 10         7.3000E+00
             50                 12                  9         8.4500E+00
             50                 13                  1         9.7000E+00
             50                 15                 17         1.2500E+01
             50                 16                  1         1.4050E+01
             51                  8                  7         5.0000E+00
             51                  9                  7         5.8500E+00
             51                 10                  6         6.8000E+00
