  #Crystal Size      Water Content              Count               Bias
             36                 15                  1         5.3000E+00
             36                 16                  3         5.8500E+00
             36                 17                  3         6.5000E+00
             36                 18                  3         7.2500E+00
             36                 19                  3         8.1000E+00
             37                 13                  2         3.6500E+00
             37                 14                 12         4.0000E+00
             37                 15                 27         4.4500E+00
             37                 16                 23         5.0000E+00
             37                 17                 37         5.6500E+00
             37                 18                 37         6.4000E+00
             37                 19                 21         7.2500E+00
             37                 20                  5         8.2000E+00
             37                 21                  1         9.2500E+00
             37                 22                  6         1.0400E+01
             38                 12                 27         2.6500E+00
             38                 13                 60         2.9000E+00
             38                 14                 71         3.2500E+00
             38                 15                169         3.7000E+00
             38                 16                296         4.2500E+00
             38                 17                332         4.9000E+00
             38                 18                275         5.6500E+00
             38                 19                159         6.5000E+00
             38                 20                 66         7.4500E+00
             38                 21                 48         8.5000E+00
             38                 22                 22         9.6500E+00
             38                 23                  8         1.0900E+01
             39                 11                 10         1.8500E+00
             39                 12                 54         2.0000E+00
             39                 13                193         2.2500E+00
             39                 14                480         2.6000E+00
             39                 15               1001         3.0500E+00
             39                 16               1411         3.6000E+00
             39                 17               1566         4.2500E+00
             39                 18               1385         5.0000E+00
             39                 19                849         5.8500E+00
             39                 20                503         6.8000E+00
             39                 21                253         7.8500E+00
             39                 22                 81         9.0000E+00
             39                 23                  7         1.0250E+01
             40                 11                 14         1.3000E+00
             40                 12                151         1.4500E+00
             40                 13                595         1.7000E+00
             40                 14               1941         2.0500E+00
             40                 15               3629         2.5000E+00
             40                 16               5193         3.0500E+00
             40                 17               5699         3.7000E+00
             40                 18               4879         4.4500E+00
             40                 19               3254         5.3000E+00
             40                 20               1579         6.2500E+00
             40                 21                631         7.3000E+00
             40                 22                157         8.4500E+00
             40                 23                 61         9.7000E+00
             40                 24                  9         1.1050E+01
             40                 25                  1         1.2500E+01
             40                 27                  1         1.5700E+01
             41                  9                  3         8.5000E-01
             41                 10                  4         8.0000E-01
             41                 11                 56         8.5000E-01
             41                 12                353         1.0000E+00
             41                 13               1655         1.2500E+00
             41                 14               4689         1.6000E+00
             41                 15              10151         2.0500E+00
             41                 16              14938         2.6000E+00
             41                 17              15500         3.2500E+00
             41                 18              13970         4.0000E+00
             41                 19               8811         4.8500E+00
             41                 20               4149         5.8000E+00
             41                 21               1583         6.8500E+00
             41                 22                550         8.0000E+00
             41                 23                148         9.2500E+00
             41                 24                 49         1.0600E+01
             41                 25                  3         1.2050E+01
             41                 26                 12         1.3600E+01
             41                 27                  1         1.5250E+01
             42                  8                  1         6.5000E-01
             42                  9                 10         5.0000E-01
             42                 10                 26         4.5000E-01
             42                 11                131         5.0000E-01
             42                 12                745         6.5000E-01
             42                 13               3157         9.0000E-01
             42                 14               9106         1.2500E+00
             42                 15              19882         1.7000E+00
             42                 16              29485         2.2500E+00
             42                 17              33458         2.9000E+00
             42                 18              29271         3.6500E+00
             42                 19              18521         4.5000E+00
             42                 20               9360         5.4500E+00
             42                 21               3534         6.5000E+00
             42                 22               1114         7.6500E+00
             42                 23                487         8.9000E+00
             42                 24                205         1.0250E+01
             42                 25                 56         1.1700E+01
             42                 26                 54         1.3250E+01
             42                 27                  4         1.4900E+01
             43                  8                  1         4.0000E-01
             43                  9                 11         2.5000E-01
             43                 10                 18         2.0000E-01
             43                 11                146         2.5000E-01
             43                 12                990         4.0000E-01
             43                 13               4345         6.5000E-01
             43                 14              12498         1.0000E+00
             43                 15              26826         1.4500E+00
             43                 16              42553         2.0000E+00
             43                 17              50036         2.6500E+00
             43                 18              44247         3.4000E+00
             43                 19              28256         4.2500E+00
             43                 20              14936         5.2000E+00
             43                 21               5890         6.2500E+00
             43                 22               2058         7.4000E+00
             43                 23                853         8.6500E+00
             43                 24                393         1.0000E+01
             43                 25                 81         1.1450E+01
             43                 26                123         1.3000E+01
             43                 27                 16         1.4650E+01
             44                  9                  9         1.0000E-01
             44                 10                  4         5.0000E-02
             44                 11                 85         1.0000E-01
             44                 12                879         2.5000E-01
             44                 13               4153         5.0000E-01
             44                 14              12477         8.5000E-01
             44                 15              26793         1.3000E+00
             44                 16              43990         1.8500E+00
             44                 17              53095         2.5000E+00
             44                 18              46929         3.2500E+00
             44                 19              29387         4.1000E+00
             44                 20              15384         5.0500E+00
             44                 21               6406         6.1000E+00
             44                 22               2435         7.2500E+00
             44                 23                922         8.5000E+00
             44                 24                334         9.8500E+00
             44                 25                102         1.1300E+01
             44                 26                 66         1.2850E+01
             44                 27                  2         1.4500E+01
             45                 11                 34         5.0000E-02
             45                 12                498         2.0000E-01
             45                 13               2599         4.5000E-01
             45                 14               7847         8.0000E-01
             45                 15              17588         1.2500E+00
             45                 16              30077         1.8000E+00
             45                 17              35799         2.4500E+00
             45                 18              31834         3.2000E+00
             45                 19              20839         4.0500E+00
             45                 20              10796         5.0000E+00
             45                 21               4387         6.0500E+00
             45                 22               1692         7.2000E+00
             45                 23                631         8.4500E+00
             45                 24                153         9.8000E+00
             45                 25                 24         1.1250E+01
             45                 26                  5         1.2800E+01
             45                 27                  6         1.4450E+01
             46                 11                  5         1.0000E-01
             46                 12                182         2.5000E-01
             46                 13                808         5.0000E-01
             46                 14               2877         8.5000E-01
             46                 15               6871         1.3000E+00
             46                 16              12101         1.8500E+00
             46                 17              15020         2.5000E+00
             46                 18              13442         3.2500E+00
             46                 19               9333         4.1000E+00
             46                 20               4770         5.0500E+00
             46                 21               1794         6.1000E+00
             46                 22                600         7.2500E+00
             46                 23                154         8.5000E+00
             46                 24                 11         9.8500E+00
             47                 12                 30         4.0000E-01
             47                 13                248         6.5000E-01
             47                 14                749         1.0000E+00
             47                 15               1611         1.4500E+00
             47                 16               2709         2.0000E+00
             47                 17               3416         2.6500E+00
             47                 18               3161         3.4000E+00
             47                 19               1899         4.2500E+00
             47                 20                778         5.2000E+00
             47                 21                302         6.2500E+00
             47                 22                 64         7.4000E+00
             47                 23                 18         8.6500E+00
             47                 24                  2         1.0000E+01
             48                 12                 12         6.5000E-01
             48                 13                 65         9.0000E-01
             48                 14                138         1.2500E+00
             48                 15                194         1.7000E+00
             48                 16                282         2.2500E+00
             48                 17                485         2.9000E+00
             48                 18                379         3.6500E+00
             48                 19                207         4.5000E+00
             48                 20                 79         5.4500E+00
             48                 21                 15         6.5000E+00
             48                 22                  2         7.6500E+00
             49                 13                  1         1.2500E+00
             49                 14                  8         1.6000E+00
             49                 15                  5         2.0500E+00
             49                 16                  3         2.6000E+00
             49                 17                 29         3.2500E+00
             49                 18                 22         4.0000E+00
             49                 19                 28         4.8500E+00
             49                 20                 14         5.8000E+00
             49                 21                  2         6.8500E+00
             50                 17                  1         3.7000E+00
