  #Crystal Size      Water Content              Count               Bias
             40                  1                  6         1.1050E+01
             40                  2                  3         1.2200E+01
             41                  0                  3         9.0500E+00
             41                  1                  4         1.0100E+01
             42                 -2                  2         6.4000E+00
             42                 -1                 12         7.2500E+00
             42                  0                 15         8.2000E+00
             42                  1                 66         9.2500E+00
             42                  2                 31         1.0400E+01
             42                  3                  5         1.1650E+01
             42                  4                  4         1.3000E+01
             42                  5                  5         1.4450E+01
             43                 -4                  1         4.2500E+00
             43                 -2                 12         5.6500E+00
             43                 -1                 51         6.5000E+00
             43                  0                223         7.4500E+00
             43                  1                199         8.5000E+00
             43                  2                153         9.6500E+00
             43                  3                 98         1.0900E+01
             43                  4                 25         1.2250E+01
             43                  5                  5         1.3700E+01
             43                  6                  1         1.5250E+01
             44                 -3                 16         4.2500E+00
             44                 -2                 51         5.0000E+00
             44                 -1                181         5.8500E+00
             44                  0               1169         6.8000E+00
             44                  1                868         7.8500E+00
             44                  2                653         9.0000E+00
             44                  3                332         1.0250E+01
             44                  4                105         1.1600E+01
             44                  5                 26         1.3050E+01
             44                  6                  6         1.4600E+01
             45                 -4                  5         3.0500E+00
             45                 -3                106         3.7000E+00
             45                 -2                286         4.4500E+00
             45                 -1                720         5.3000E+00
             45                  0               4329         6.2500E+00
             45                  1               3075         7.3000E+00
             45                  2               2143         8.4500E+00
             45                  3               1063         9.7000E+00
             45                  4                343         1.1050E+01
             45                  5                 78         1.2500E+01
             45                  6                  7         1.4050E+01
             45                  7                  2         1.5700E+01
             46                 -4                 14         2.6000E+00
             46                 -3                270         3.2500E+00
             46                 -2               1160         4.0000E+00
             46                 -1               2414         4.8500E+00
             46                  0              13389         5.8000E+00
             46                  1               7938         6.8500E+00
             46                  2               5164         8.0000E+00
             46                  3               2715         9.2500E+00
             46                  4                914         1.0600E+01
             46                  5                175         1.2050E+01
             46                  6                 24         1.3600E+01
             46                  7                  3         1.5250E+01
             47                 -5                  3         1.7000E+00
             47                 -4                 99         2.2500E+00
             47                 -3                771         2.9000E+00
             47                 -2               3222         3.6500E+00
             47                 -1               6580         4.5000E+00
             47                  0              33241         5.4500E+00
             47                  1              18052         6.5000E+00
             47                  2              10971         7.6500E+00
             47                  3               5341         8.9000E+00
             47                  4               1960         1.0250E+01
             47                  5                491         1.1700E+01
             47                  6                 82         1.3250E+01
             47                  7                 31         1.4900E+01
             47                  8                  5         1.6650E+01
             48                 -5                 10         1.4500E+00
             48                 -4                294         2.0000E+00
             48                 -3               1971         2.6500E+00
             48                 -2               6908         3.4000E+00
             48                 -1              13877         4.2500E+00
             48                  0              62405         5.2000E+00
             48                  1              31161         6.2500E+00
             48                  2              17787         7.4000E+00
             48                  3               8210         8.6500E+00
             48                  4               2974         1.0000E+01
             48                  5                825         1.1450E+01
             48                  6                160         1.3000E+01
             48                  7                 48         1.4650E+01
             48                  8                 12         1.6400E+01
             49                 -5                 18         1.3000E+00
             49                 -4                737         1.8500E+00
             49                 -3               3892         2.5000E+00
             49                 -2              12539         3.2500E+00
             49                 -1              22958         4.1000E+00
             49                  0              90641         5.0500E+00
             49                  1              42715         6.1000E+00
             49                  2              21835         7.2500E+00
             49                  3               9065         8.5000E+00
             49                  4               3776         9.8500E+00
             49                  5               1107         1.1300E+01
             49                  6                242         1.2850E+01
             49                  7                 14         1.4500E+01
             49                  8                 27         1.6250E+01
             50                 -6                  1         8.0000E-01
             50                 -5                 75         1.2500E+00
             50                 -4               1175         1.8000E+00
             50                 -3               5707         2.4500E+00
             50                 -2              16428         3.2000E+00
             50                 -1              28020         4.0500E+00
             50                  0              97853         5.0000E+00
             50                  1              41037         6.0500E+00
             50                  2              19923         7.2000E+00
             50                  3               7923         8.4500E+00
             50                  4               2954         9.8000E+00
             50                  5                939         1.1250E+01
             50                  6                183         1.2800E+01
             50                  7                 19         1.4450E+01
             50                  8                  3         1.6200E+01
             51                 -5                120         1.3000E+00
             51                 -4               1301         1.8500E+00
             51                 -3               5800         2.5000E+00
             51                 -2              15637         3.2500E+00
             51                 -1              24761         4.1000E+00
             51                  0              73950         5.0500E+00
             51                  1              28050         6.1000E+00
             51                  2              12321         7.2500E+00
             51                  3               4544         8.5000E+00
             51                  4               1719         9.8500E+00
             51                  5                576         1.1300E+01
             51                  6                124         1.2850E+01
             51                  7                  6         1.4500E+01
             52                 -6                  1         1.0000E+00
             52                 -5                116         1.4500E+00
             52                 -4                939         2.0000E+00
             52                 -3               3799         2.6500E+00
             52                 -2              10019         3.4000E+00
             52                 -1              14490         4.2500E+00
             52                  0              37907         5.2000E+00
             52                  1              13557         6.2500E+00
             52                  2               5081         7.4000E+00
             52                  3               2122         8.6500E+00
             52                  4                684         1.0000E+01
             52                  5                197         1.1450E+01
             52                  6                 44         1.3000E+01
             52                  7                  5         1.4650E+01
             53                 -5                 70         1.7000E+00
             53                 -4                364         2.2500E+00
             53                 -3               1560         2.9000E+00
             53                 -2               3582         3.6500E+00
             53                 -1               4904         4.5000E+00
             53                  0              11973         5.4500E+00
             53                  1               3892         6.5000E+00
             53                  2               1287         7.6500E+00
             53                  3                437         8.9000E+00
             53                  4                144         1.0250E+01
             53                  5                 14         1.1700E+01
             53                  6                 11         1.3250E+01
             54                 -6                  2         1.6000E+00
             54                 -5                 28         2.0500E+00
             54                 -4                 82         2.6000E+00
             54                 -3                326         3.2500E+00
             54                 -2                581         4.0000E+00
             54                 -1                811         4.8500E+00
             54                  0               1428         5.8000E+00
             54                  1                469         6.8500E+00
             54                  2                134         8.0000E+00
             54                  3                 43         9.2500E+00
             54                  4                 21         1.0600E+01
             54                  5                  2         1.2050E+01
