  #Crystal Size      Water Content              Count               Bias
             32                 18                  1         6.4000E+00
             33                 17                  9         4.9000E+00
             33                 18                  8         5.6500E+00
             33                 19                  3         6.5000E+00
             33                 20                  1         7.4500E+00
             33                 21                 11         8.5000E+00
             34                 16                  2         3.6000E+00
             34                 17                 18         4.2500E+00
             34                 18                 29         5.0000E+00
             34                 19                 22         5.8500E+00
             34                 20                 41         6.8000E+00
             34                 21                 43         7.8500E+00
             34                 22                  4         9.0000E+00
             34                 23                  1         1.0250E+01
             35                 16                  5         3.0500E+00
             35                 17                 53         3.7000E+00
             35                 18                 76         4.4500E+00
             35                 19                103         5.3000E+00
             35                 20                151         6.2500E+00
             35                 21                103         7.3000E+00
             35                 22                 61         8.4500E+00
             35                 23                 32         9.7000E+00
             35                 24                  7         1.1050E+01
             36                 15                  4         2.0500E+00
             36                 16                 28         2.6000E+00
             36                 17                131         3.2500E+00
             36                 18                325         4.0000E+00
             36                 19                429         4.8500E+00
             36                 20                515         5.8000E+00
             36                 21                415         6.8500E+00
             36                 22                268         8.0000E+00
             36                 23                193         9.2500E+00
             36                 24                107         1.0600E+01
             36                 25                 23         1.2050E+01
             36                 26                  4         1.3600E+01
             37                 14                  1         1.2500E+00
             37                 15                 19         1.7000E+00
             37                 16                140         2.2500E+00
             37                 17                581         2.9000E+00
             37                 18               1238         3.6500E+00
             37                 19               1931         4.5000E+00
             37                 20               2131         5.4500E+00
             37                 21               1612         6.5000E+00
             37                 22                949         7.6500E+00
             37                 23                704         8.9000E+00
             37                 24                269         1.0250E+01
             37                 25                 90         1.1700E+01
             37                 26                 29         1.3250E+01
             38                 13                  1         6.5000E-01
             38                 14                  2         1.0000E+00
             38                 15                 97         1.4500E+00
             38                 16                339         2.0000E+00
             38                 17               1674         2.6500E+00
             38                 18               3720         3.4000E+00
             38                 19               6600         4.2500E+00
             38                 20               7205         5.2000E+00
             38                 21               5140         6.2500E+00
             38                 22               3421         7.4000E+00
             38                 23               1996         8.6500E+00
             38                 24                725         1.0000E+01
             38                 25                235         1.1450E+01
             38                 26                 68         1.3000E+01
             38                 27                  4         1.4650E+01
             39                 14                  9         8.5000E-01
             39                 15                177         1.3000E+00
             39                 16                880         1.8500E+00
             39                 17               3937         2.5000E+00
             39                 18              10130         3.2500E+00
             39                 19              16681         4.1000E+00
             39                 20              17506         5.0500E+00
             39                 21              13013         6.1000E+00
             39                 22               8005         7.2500E+00
             39                 23               4304         8.5000E+00
             39                 24               1538         9.8500E+00
             39                 25                574         1.1300E+01
             39                 26                132         1.2850E+01
             39                 27                  6         1.4500E+01
             40                 14                 36         8.0000E-01
             40                 15                411         1.2500E+00
             40                 16               1835         1.8000E+00
             40                 17               7336         2.4500E+00
             40                 18              19862         3.2000E+00
             40                 19              31891         4.0500E+00
             40                 20              35487         5.0000E+00
             40                 21              26107         6.0500E+00
             40                 22              14766         7.2000E+00
             40                 23               7532         8.4500E+00
             40                 24               3170         9.8000E+00
             40                 25               1042         1.1250E+01
             40                 26                185         1.2800E+01
             40                 27                  9         1.4450E+01
             41                 14                 68         8.5000E-01
             41                 15                638         1.3000E+00
             41                 16               2984         1.8500E+00
             41                 17              11178         2.5000E+00
             41                 18              28715         3.2500E+00
             41                 19              46224         4.1000E+00
             41                 20              50421         5.0500E+00
             41                 21              35930         6.1000E+00
             41                 22              20448         7.2500E+00
             41                 23              10211         8.5000E+00
             41                 24               4233         9.8500E+00
             41                 25               1370         1.1300E+01
             41                 26                323         1.2850E+01
             41                 27                 15         1.4500E+01
             42                 14                 77         1.0000E+00
             42                 15                653         1.4500E+00
             42                 16               3270         2.0000E+00
             42                 17              12250         2.6500E+00
             42                 18              30400         3.4000E+00
             42                 19              48969         4.2500E+00
             42                 20              52383         5.2000E+00
             42                 21              38156         6.2500E+00
             42                 22              21198         7.4000E+00
             42                 23               9922         8.6500E+00
             42                 24               4303         1.0000E+01
             42                 25               1304         1.1450E+01
             42                 26                359         1.3000E+01
             42                 27                 33         1.4650E+01
             42                 28                  5         1.6400E+01
             43                 13                  9         9.0000E-01
             43                 14                 91         1.2500E+00
             43                 15                581         1.7000E+00
             43                 16               2639         2.2500E+00
             43                 17               9821         2.9000E+00
             43                 18              23603         3.6500E+00
             43                 19              37274         4.5000E+00
             43                 20              39381         5.4500E+00
             43                 21              27583         6.5000E+00
             43                 22              15387         7.6500E+00
             43                 23               7055         8.9000E+00
             43                 24               2737         1.0250E+01
             43                 25                965         1.1700E+01
             43                 26                296         1.3250E+01
             43                 27                 32         1.4900E+01
             43                 28                  2         1.6650E+01
             44                 13                  1         1.2500E+00
             44                 14                 19         1.6000E+00
             44                 15                293         2.0500E+00
             44                 16               1407         2.6000E+00
             44                 17               5408         3.2500E+00
             44                 18              12767         4.0000E+00
             44                 19              19724         4.8500E+00
             44                 20              20596         5.8000E+00
             44                 21              14273         6.8500E+00
             44                 22               7701         8.0000E+00
             44                 23               3648         9.2500E+00
             44                 24               1319         1.0600E+01
             44                 25                419         1.2050E+01
             44                 26                125         1.3600E+01
             44                 27                 15         1.5250E+01
             44                 28                  1         1.7000E+01
             45                 13                  1         1.7000E+00
             45                 14                 12         2.0500E+00
             45                 15                 98         2.5000E+00
             45                 16                584         3.0500E+00
             45                 17               2188         3.7000E+00
             45                 18               4619         4.4500E+00
             45                 19               6927         5.3000E+00
             45                 20               6750         6.2500E+00
             45                 21               4783         7.3000E+00
             45                 22               2413         8.4500E+00
             45                 23               1025         9.7000E+00
             45                 24                428         1.1050E+01
             45                 25                113         1.2500E+01
             45                 26                 17         1.4050E+01
             45                 27                  3         1.5700E+01
             46                 15                 20         3.0500E+00
             46                 16                153         3.6000E+00
             46                 17                447         4.2500E+00
             46                 18               1236         5.0000E+00
             46                 19               1544         5.8500E+00
             46                 20               1739         6.8000E+00
             46                 21               1041         7.8500E+00
             46                 22                455         9.0000E+00
             46                 23                209         1.0250E+01
             46                 24                 72         1.1600E+01
             46                 25                 38         1.3050E+01
             46                 26                 16         1.4600E+01
             46                 27                  1         1.6250E+01
             47                 15                  2         3.7000E+00
             47                 16                 31         4.2500E+00
             47                 17                 73         4.9000E+00
             47                 18                165         5.6500E+00
             47                 19                338         6.5000E+00
             47                 20                287         7.4500E+00
             47                 21                123         8.5000E+00
             47                 22                 55         9.6500E+00
             47                 23                 30         1.0900E+01
             47                 24                  2         1.2250E+01
             47                 25                  1         1.3700E+01
             48                 17                  7         5.6500E+00
             48                 18                 12         6.4000E+00
             48                 19                  9         7.2500E+00
             48                 20                 11         8.2000E+00
             48                 21                  1         9.2500E+00
             48                 22                  1         1.0400E+01
