  #Crystal Size      Water Content              Count               Bias
             26                 10                  1         2.0800E+01
             27                  8                  4         1.6650E+01
             27                  9                  4         1.8500E+01
             27                 10                 12         2.0450E+01
             27                 11                  3         2.2500E+01
             27                 12                  1         2.4650E+01
             28                  6                  1         1.3000E+01
             28                  7                  1         1.4650E+01
             28                  8                 21         1.6400E+01
             28                  9                 42         1.8250E+01
             28                 10                 42         2.0200E+01
             28                 11                 34         2.2250E+01
             28                 12                 20         2.4400E+01
             28                 13                  3         2.6650E+01
             29                  6                 22         1.2850E+01
             29                  7                 98         1.4500E+01
             29                  8                178         1.6250E+01
             29                  9                307         1.8100E+01
             29                 10                323         2.0050E+01
             29                 11                153         2.2100E+01
             29                 12                 67         2.4250E+01
             29                 13                 22         2.6500E+01
             29                 14                  4         2.8850E+01
             30                  5                  9         1.1250E+01
             30                  6                 99         1.2800E+01
             30                  7                320         1.4450E+01
             30                  8                670         1.6200E+01
             30                  9               1013         1.8050E+01
             30                 10                847         2.0000E+01
             30                 11                521         2.2050E+01
             30                 12                209         2.4200E+01
             30                 13                108         2.6450E+01
             30                 14                 53         2.8800E+01
             30                 15                 12         3.1250E+01
             30                 16                  1         3.3800E+01
             31                  5                 34         1.1300E+01
             31                  6                331         1.2850E+01
             31                  7                926         1.4500E+01
             31                  8               1817         1.6250E+01
             31                  9               2483         1.8100E+01
             31                 10               2451         2.0050E+01
             31                 11               1744         2.2100E+01
             31                 12                980         2.4250E+01
             31                 13                483         2.6500E+01
             31                 14                203         2.8850E+01
             31                 15                 33         3.1300E+01
             31                 16                  5         3.3850E+01
             32                  5                 38         1.1450E+01
             32                  6                557         1.3000E+01
             32                  7               2133         1.4650E+01
             32                  8               3912         1.6400E+01
             32                  9               5183         1.8250E+01
             32                 10               5565         2.0200E+01
             32                 11               4181         2.2250E+01
             32                 12               2954         2.4400E+01
             32                 13               1670         2.6650E+01
             32                 14                874         2.9000E+01
             32                 15                208         3.1450E+01
             32                 16                 32         3.4000E+01
             33                  4                 12         1.0250E+01
             33                  5                103         1.1700E+01
             33                  6                807         1.3250E+01
             33                  7               3351         1.4900E+01
             33                  8               6061         1.6650E+01
             33                  9               8711         1.8500E+01
             33                 10               8719         2.0450E+01
             33                 11               7567         2.2500E+01
             33                 12               6548         2.4650E+01
             33                 13               3916         2.6900E+01
             33                 14               2085         2.9250E+01
             33                 15                527         3.1700E+01
             33                 16                101         3.4250E+01
             33                 17                 11         3.6900E+01
             33                 18                  2         3.9650E+01
             34                  4                  7         1.0600E+01
             34                  5                105         1.2050E+01
             34                  6               1011         1.3600E+01
             34                  7               3806         1.5250E+01
             34                  8               7754         1.7000E+01
             34                  9              11110         1.8850E+01
             34                 10              12149         2.0800E+01
             34                 11              11093         2.2850E+01
             34                 12               9876         2.5000E+01
             34                 13               7253         2.7250E+01
             34                 14               3690         2.9600E+01
             34                 15               1285         3.2050E+01
             34                 16                281         3.4600E+01
             34                 17                 39         3.7250E+01
             35                  4                  5         1.1050E+01
             35                  5                155         1.2500E+01
             35                  6               1357         1.4050E+01
             35                  7               3922         1.5700E+01
             35                  8               9032         1.7450E+01
             35                  9              13076         1.9300E+01
             35                 10              13743         2.1250E+01
             35                 11              13836         2.3300E+01
             35                 12              12939         2.5450E+01
             35                 13              11397         2.7700E+01
             35                 14               5332         3.0050E+01
             35                 15               1802         3.2500E+01
             35                 16                696         3.5050E+01
             35                 17                 32         3.7700E+01
             36                  4                  7         1.1600E+01
             36                  5                 84         1.3050E+01
             36                  6               1295         1.4600E+01
             36                  7               4444         1.6250E+01
             36                  8               9287         1.8000E+01
             36                  9              14292         1.9850E+01
             36                 10              16664         2.1800E+01
             36                 11              17534         2.3850E+01
             36                 12              17472         2.6000E+01
             36                 13              15094         2.8250E+01
             36                 14               6917         3.0600E+01
             36                 15               2491         3.3050E+01
             36                 16                804         3.5600E+01
             36                 17                 91         3.8250E+01
             37                  5                139         1.3700E+01
             37                  6               1502         1.5250E+01
             37                  7               4870         1.6900E+01
             37                  8              10601         1.8650E+01
             37                  9              17484         2.0500E+01
             37                 10              20280         2.2450E+01
             37                 11              21663         2.4500E+01
             37                 12              22757         2.6650E+01
             37                 13              19448         2.8900E+01
             37                 14               9165         3.1250E+01
             37                 15               3367         3.3700E+01
             37                 16                940         3.6250E+01
             37                 17                183         3.8900E+01
             37                 18                  3         4.1650E+01
             38                  4                 12         1.3000E+01
             38                  5                107         1.4450E+01
             38                  6                984         1.6000E+01
             38                  7               4328         1.7650E+01
             38                  8              11280         1.9400E+01
             38                  9              19375         2.1250E+01
             38                 10              23454         2.3200E+01
             38                 11              25407         2.5250E+01
             38                 12              26363         2.7400E+01
             38                 13              21690         2.9650E+01
             38                 14              11184         3.2000E+01
             38                 15               4211         3.4450E+01
             38                 16               1028         3.7000E+01
             38                 17                207         3.9650E+01
             38                 18                  6         4.2400E+01
             39                  5                 83         1.5300E+01
             39                  6                586         1.6850E+01
             39                  7               3229         1.8500E+01
             39                  8               9035         2.0250E+01
             39                  9              18695         2.2100E+01
             39                 10              21865         2.4050E+01
             39                 11              25550         2.6100E+01
             39                 12              25579         2.8250E+01
             39                 13              21267         3.0500E+01
             39                 14              12156         3.2850E+01
             39                 15               4106         3.5300E+01
             39                 16               1138         3.7850E+01
             39                 17                169         4.0500E+01
             39                 18                 14         4.3250E+01
             40                  5                 32         1.6250E+01
             40                  6                475         1.7800E+01
             40                  7               1884         1.9450E+01
             40                  8               6446         2.1200E+01
             40                  9              13357         2.3050E+01
             40                 10              16477         2.5000E+01
             40                 11              20345         2.7050E+01
             40                 12              20682         2.9200E+01
             40                 13              15913         3.1450E+01
             40                 14               9875         3.3800E+01
             40                 15               3308         3.6250E+01
             40                 16                775         3.8800E+01
             40                 17                143         4.1450E+01
             40                 18                  7         4.4200E+01
             41                  6                191         1.8850E+01
             41                  7               1121         2.0500E+01
             41                  8               3645         2.2250E+01
             41                  9               7364         2.4100E+01
             41                 10               9869         2.6050E+01
             41                 11              11886         2.8100E+01
             41                 12              13969         3.0250E+01
             41                 13              10255         3.2500E+01
             41                 14               5981         3.4850E+01
             41                 15               1784         3.7300E+01
             41                 16                486         3.9850E+01
             41                 17                 70         4.2500E+01
             41                 18                  3         4.5250E+01
             42                  6                 37         2.0000E+01
             42                  7                372         2.1650E+01
             42                  8               1522         2.3400E+01
             42                  9               2673         2.5250E+01
             42                 10               4459         2.7200E+01
             42                 11               6557         2.9250E+01
             42                 12               6604         3.1400E+01
             42                 13               4653         3.3650E+01
             42                 14               2801         3.6000E+01
             42                 15                632         3.8450E+01
             42                 16                149         4.1000E+01
             42                 17                 40         4.3650E+01
             42                 18                  2         4.6400E+01
             43                  6                  4         2.1250E+01
             43                  7                163         2.2900E+01
             43                  8                430         2.4650E+01
             43                  9                912         2.6500E+01
             43                 10               1300         2.8450E+01
             43                 11               1671         3.0500E+01
             43                 12               2089         3.2650E+01
             43                 13               1559         3.4900E+01
             43                 14                808         3.7250E+01
             43                 15                416         3.9700E+01
             43                 16                 80         4.2250E+01
             43                 17                  6         4.4900E+01
             44                  7                 18         2.4250E+01
             44                  8                108         2.6000E+01
             44                  9                157         2.7850E+01
             44                 10                205         2.9800E+01
             44                 11                320         3.1850E+01
             44                 12                485         3.4000E+01
             44                 13                352         3.6250E+01
             44                 14                253         3.8600E+01
             44                 15                 76         4.1050E+01
             44                 16                  9         4.3600E+01
             44                 17                  1         4.6250E+01
             45                  7                  8         2.5700E+01
             45                  8                 12         2.7450E+01
             45                  9                  7         2.9300E+01
             45                 10                 12         3.1250E+01
             45                 11                 35         3.3300E+01
             45                 12                 77         3.5450E+01
             45                 13                 19         3.7700E+01
             45                 14                141         4.0050E+01
             45                 15                 62         4.2500E+01
             45                 16                  6         4.5050E+01
             46                  7                  4         2.7250E+01
             46                  8                  1         2.9000E+01
             46                 11                 24         3.4850E+01
             46                 12                  2         3.7000E+01
             46                 13                  1         3.9250E+01
             46                 14                  6         4.1600E+01
             46                 15                  3         4.4050E+01
             47                 11                  2         3.6500E+01
