  #Crystal Size      Water Content              Count               Bias
             31                  9                  1         2.2100E+01
             32                  6                  1         1.6000E+01
             32                  7                  5         1.7650E+01
             32                 11                  1         2.5250E+01
             33                  5                  7         1.3700E+01
             33                  6                 12         1.5250E+01
             33                  7                 10         1.6900E+01
             33                  8                  6         1.8650E+01
             33                  9                  9         2.0500E+01
             33                 10                  4         2.2450E+01
             33                 11                  1         2.4500E+01
             33                 12                  4         2.6650E+01
             33                 13                  3         2.8900E+01
             34                  4                 10         1.1600E+01
             34                  5                 23         1.3050E+01
             34                  6                 96         1.4600E+01
             34                  7                 63         1.6250E+01
             34                  8                132         1.8000E+01
             34                  9                 84         1.9850E+01
             34                 10                 74         2.1800E+01
             34                 11                 40         2.3850E+01
             34                 12                 14         2.6000E+01
             34                 13                 11         2.8250E+01
             35                  4                  5         1.1050E+01
             35                  5                121         1.2500E+01
             35                  6                293         1.4050E+01
             35                  7                466         1.5700E+01
             35                  8                603         1.7450E+01
             35                  9                584         1.9300E+01
             35                 10                357         2.1250E+01
             35                 11                207         2.3300E+01
             35                 12                 78         2.5450E+01
             35                 13                 30         2.7700E+01
             35                 14                  1         3.0050E+01
             36                  2                  4         8.0000E+00
             36                  3                  5         9.2500E+00
             36                  4                 56         1.0600E+01
             36                  5                418         1.2050E+01
             36                  6               1140         1.3600E+01
             36                  7               1965         1.5250E+01
             36                  8               2330         1.7000E+01
             36                  9               2397         1.8850E+01
             36                 10               1716         2.0800E+01
             36                 11               1024         2.2850E+01
             36                 12                469         2.5000E+01
             36                 13                126         2.7250E+01
             36                 14                 37         2.9600E+01
             36                 15                  7         3.2050E+01
             36                 16                  1         3.4600E+01
             37                  2                  6         7.6500E+00
             37                  3                 64         8.9000E+00
             37                  4                224         1.0250E+01
             37                  5               1137         1.1700E+01
             37                  6               3402         1.3250E+01
             37                  7               5929         1.4900E+01
             37                  8               7546         1.6650E+01
             37                  9               7518         1.8500E+01
             37                 10               6195         2.0450E+01
             37                 11               3268         2.2500E+01
             37                 12               1527         2.4650E+01
             37                 13                491         2.6900E+01
             37                 14                179         2.9250E+01
             37                 15                 35         3.1700E+01
             37                 16                  5         3.4250E+01
             38                  2                  8         7.4000E+00
             38                  3                 81         8.6500E+00
             38                  4                682         1.0000E+01
             38                  5               2643         1.1450E+01
             38                  6               7126         1.3000E+01
             38                  7              13381         1.4650E+01
             38                  8              17084         1.6400E+01
             38                  9              16964         1.8250E+01
             38                 10              14865         2.0200E+01
             38                 11               8561         2.2250E+01
             38                 12               4074         2.4400E+01
             38                 13               1459         2.6650E+01
             38                 14                511         2.9000E+01
             38                 15                107         3.1450E+01
             38                 16                 26         3.4000E+01
             39                  2                  8         7.2500E+00
             39                  3                153         8.5000E+00
             39                  4                949         9.8500E+00
             39                  5               3680         1.1300E+01
             39                  6              11436         1.2850E+01
             39                  7              22824         1.4500E+01
             39                  8              29956         1.6250E+01
             39                  9              28781         1.8100E+01
             39                 10              23773         2.0050E+01
             39                 11              15494         2.2100E+01
             39                 12               7420         2.4250E+01
             39                 13               2684         2.6500E+01
             39                 14               1144         2.8850E+01
             39                 15                342         3.1300E+01
             39                 16                 67         3.3850E+01
             39                 17                  7         3.6500E+01
             40                  2                  1         7.2000E+00
             40                  3                105         8.4500E+00
             40                  4                919         9.8000E+00
             40                  5               4636         1.1250E+01
             40                  6              14759         1.2800E+01
             40                  7              30364         1.4450E+01
             40                  8              40639         1.6200E+01
             40                  9              38779         1.8050E+01
             40                 10              31444         2.0000E+01
             40                 11              21053         2.2050E+01
             40                 12              10988         2.4200E+01
             40                 13               4463         2.6450E+01
             40                 14               1686         2.8800E+01
             40                 15                695         3.1250E+01
             40                 16                107         3.3800E+01
             40                 17                 18         3.6450E+01
             41                  3                 69         8.5000E+00
             41                  4                767         9.8500E+00
             41                  5               5054         1.1300E+01
             41                  6              14540         1.2850E+01
             41                  7              31235         1.4500E+01
             41                  8              42524         1.6250E+01
             41                  9              41264         1.8100E+01
             41                 10              32478         2.0050E+01
             41                 11              21080         2.2100E+01
             41                 12              10916         2.4250E+01
             41                 13               4876         2.6500E+01
             41                 14               1884         2.8850E+01
             41                 15                669         3.1300E+01
             41                 16                 87         3.3850E+01
             41                 17                 26         3.6500E+01
             42                  3                 39         8.6500E+00
             42                  4                637         1.0000E+01
             42                  5               3818         1.1450E+01
             42                  6              12514         1.3000E+01
             42                  7              24042         1.4650E+01
             42                  8              33454         1.6400E+01
             42                  9              32844         1.8250E+01
             42                 10              24736         2.0200E+01
             42                 11              16153         2.2250E+01
             42                 12               7956         2.4400E+01
             42                 13               3514         2.6650E+01
             42                 14               1435         2.9000E+01
             42                 15                425         3.1450E+01
             42                 16                 57         3.4000E+01
             42                 17                  7         3.6650E+01
             43                  3                 33         8.9000E+00
             43                  4                363         1.0250E+01
             43                  5               2642         1.1700E+01
             43                  6               7584         1.3250E+01
             43                  7              14643         1.4900E+01
             43                  8              19478         1.6650E+01
             43                  9              19200         1.8500E+01
             43                 10              13145         2.0450E+01
             43                 11               8091         2.2500E+01
             43                 12               4068         2.4650E+01
             43                 13               1500         2.6900E+01
             43                 14                751         2.9250E+01
             43                 15                248         3.1700E+01
             43                 16                 28         3.4250E+01
             43                 17                  2         3.6900E+01
             44                  4                 81         1.0600E+01
             44                  5               1309         1.2050E+01
             44                  6               3249         1.3600E+01
             44                  7               6605         1.5250E+01
             44                  8               8268         1.7000E+01
             44                  9               7450         1.8850E+01
             44                 10               4722         2.0800E+01
             44                 11               2913         2.2850E+01
             44                 12               1396         2.5000E+01
             44                 13                466         2.7250E+01
             44                 14                240         2.9600E+01
             44                 15                 58         3.2050E+01
             44                 16                  4         3.4600E+01
             45                  4                 80         1.1050E+01
             45                  5                381         1.2500E+01
             45                  6               1241         1.4050E+01
             45                  7               2054         1.5700E+01
             45                  8               2158         1.7450E+01
             45                  9               2022         1.9300E+01
             45                 10               1084         2.1250E+01
             45                 11                792         2.3300E+01
             45                 12                377         2.5450E+01
             45                 13                 81         2.7700E+01
             45                 14                 23         3.0050E+01
             45                 15                  6         3.2500E+01
             46                  4                 13         1.1600E+01
             46                  5                 78         1.3050E+01
             46                  6                311         1.4600E+01
             46                  7                613         1.6250E+01
             46                  8                493         1.8000E+01
             46                  9                278         1.9850E+01
             46                 10                133         2.1800E+01
             46                 11                133         2.3850E+01
             46                 12                 73         2.6000E+01
             46                 14                  1         3.0600E+01
             47                  4                  1         1.2250E+01
             47                  5                 11         1.3700E+01
             47                  6                 61         1.5250E+01
             47                  7                152         1.6900E+01
             47                  8                 76         1.8650E+01
             47                  9                 21         2.0500E+01
             47                 10                 13         2.2450E+01
             47                 11                 28         2.4500E+01
             47                 12                  1         2.6650E+01
             48                  6                 10         1.6000E+01
             48                  7                 25         1.7650E+01
             48                  8                  1         1.9400E+01
             48                 10                  9         2.3200E+01
             48                 11                  5         2.5250E+01
             49                 11                  1         2.6100E+01
