  #Crystal Size      Water Content              Count               Bias
             27                 22                  2         2.9000E+00
             27                 23                  4         3.6500E+00
             27                 24                  1         4.5000E+00
             27                 25                  2         5.4500E+00
             27                 26                  1         6.5000E+00
             28                 20                  5         1.4500E+00
             28                 21                 17         2.0000E+00
             28                 22                 26         2.6500E+00
             28                 23                 40         3.4000E+00
             28                 24                 48         4.2500E+00
             28                 25                 32         5.2000E+00
             28                 26                 16         6.2500E+00
             28                 27                  5         7.4000E+00
             29                 19                 10         8.5000E-01
             29                 20                 20         1.3000E+00
             29                 21                100         1.8500E+00
             29                 22                284         2.5000E+00
             29                 23                309         3.2500E+00
             29                 24                268         4.1000E+00
             29                 25                202         5.0500E+00
             29                 26                116         6.1000E+00
             29                 27                 28         7.2500E+00
             29                 28                  5         8.5000E+00
             29                 29                  1         9.8500E+00
             30                 18                  5         4.5000E-01
             30                 19                 26         8.0000E-01
             30                 20                143         1.2500E+00
             30                 21                587         1.8000E+00
             30                 22               1267         2.4500E+00
             30                 23               1511         3.2000E+00
             30                 24               1247         4.0500E+00
             30                 25                969         5.0000E+00
             30                 26                459         6.0500E+00
             30                 27                239         7.2000E+00
             30                 28                 33         8.4500E+00
             30                 29                 17         9.8000E+00
             30                 30                  3         1.1250E+01
             31                 18                  9         5.0000E-01
             31                 19                138         8.5000E-01
             31                 20                621         1.3000E+00
             31                 21               2052         1.8500E+00
             31                 22               4632         2.5000E+00
             31                 23               6088         3.2500E+00
             31                 24               5377         4.1000E+00
             31                 25               3282         5.0500E+00
             31                 26               1496         6.1000E+00
             31                 27                744         7.2500E+00
             31                 28                206         8.5000E+00
             31                 29                 50         9.8500E+00
             31                 30                  1         1.1300E+01
             32                 18                 24         6.5000E-01
             32                 19                333         1.0000E+00
             32                 20               1763         1.4500E+00
             32                 21               5615         2.0000E+00
             32                 22              12226         2.6500E+00
             32                 23              16674         3.4000E+00
             32                 24              15098         4.2500E+00
             32                 25               9696         5.2000E+00
             32                 26               4495         6.2500E+00
             32                 27               1917         7.4000E+00
             32                 28                570         8.6500E+00
             32                 29                125         1.0000E+01
             33                 17                  4         6.5000E-01
             33                 18                 94         9.0000E-01
             33                 19                502         1.2500E+00
             33                 20               3597         1.7000E+00
             33                 21              11507         2.2500E+00
             33                 22              24563         2.9000E+00
             33                 23              33818         3.6500E+00
             33                 24              31450         4.5000E+00
             33                 25              20629         5.4500E+00
             33                 26               9336         6.5000E+00
             33                 27               3826         7.6500E+00
             33                 28               1238         8.9000E+00
             33                 29                235         1.0250E+01
             33                 30                 22         1.1700E+01
             33                 31                  1         1.3250E+01
             34                 16                  2         8.5000E-01
             34                 17                 17         1.0000E+00
             34                 18                180         1.2500E+00
             34                 19                792         1.6000E+00
             34                 20               5377         2.0500E+00
             34                 21              17818         2.6000E+00
             34                 22              37968         3.2500E+00
             34                 23              50227         4.0000E+00
             34                 24              46840         4.8500E+00
             34                 25              29402         5.8000E+00
             34                 26              13895         6.8500E+00
             34                 27               5407         8.0000E+00
             34                 28               1674         9.2500E+00
             34                 29                339         1.0600E+01
             34                 30                 25         1.2050E+01
             35                 17                 33         1.4500E+00
             35                 18                207         1.7000E+00
             35                 19                982         2.0500E+00
             35                 20               5398         2.5000E+00
             35                 21              20026         3.0500E+00
             35                 22              41894         3.7000E+00
             35                 23              56382         4.4500E+00
             35                 24              52035         5.3000E+00
             35                 25              32415         6.2500E+00
             35                 26              14882         7.3000E+00
             35                 27               5840         8.4500E+00
             35                 28               1415         9.7000E+00
             35                 29                269         1.1050E+01
             35                 30                 22         1.2500E+01
             35                 31                  2         1.4050E+01
             36                 17                  8         2.0000E+00
             36                 18                139         2.2500E+00
             36                 19                860         2.6000E+00
             36                 20               4077         3.0500E+00
             36                 21              14956         3.6000E+00
             36                 22              32902         4.2500E+00
             36                 23              43342         5.0000E+00
             36                 24              38414         5.8500E+00
             36                 25              23938         6.8000E+00
             36                 26              11235         7.8500E+00
             36                 27               3984         9.0000E+00
             36                 28               1145         1.0250E+01
             36                 29                148         1.1600E+01
             36                 30                 23         1.3050E+01
             36                 31                  1         1.4600E+01
             37                 17                 15         2.6500E+00
             37                 18                105         2.9000E+00
             37                 19                489         3.2500E+00
             37                 20               2367         3.7000E+00
             37                 21               8145         4.2500E+00
             37                 22              18041         4.9000E+00
             37                 23              23519         5.6500E+00
             37                 24              20478         6.5000E+00
             37                 25              13088         7.4500E+00
             37                 26               5733         8.5000E+00
             37                 27               1864         9.6500E+00
             37                 28                511         1.0900E+01
             37                 29                 84         1.2250E+01
             37                 30                  4         1.3700E+01
             38                 17                  1         3.4000E+00
             38                 18                 21         3.6500E+00
             38                 19                168         4.0000E+00
             38                 20                883         4.4500E+00
             38                 21               3103         5.0000E+00
             38                 22               6480         5.6500E+00
             38                 23               9246         6.4000E+00
             38                 24               8167         7.2500E+00
             38                 25               4981         8.2000E+00
             38                 26               1970         9.2500E+00
             38                 27                673         1.0400E+01
             38                 28                130         1.1650E+01
             38                 29                  6         1.3000E+01
             38                 30                  1         1.4450E+01
             39                 18                  2         4.5000E+00
             39                 19                 27         4.8500E+00
             39                 20                116         5.3000E+00
             39                 21                692         5.8500E+00
             39                 22               1545         6.5000E+00
             39                 23               2652         7.2500E+00
             39                 24               2245         8.1000E+00
             39                 25               1283         9.0500E+00
             39                 26                431         1.0100E+01
             39                 27                173         1.1250E+01
             39                 28                 33         1.2500E+01
             39                 29                  1         1.3850E+01
             40                 20                 11         6.2500E+00
             40                 21                 87         6.8000E+00
             40                 22                232         7.4500E+00
             40                 23                363         8.2000E+00
             40                 24                380         9.0500E+00
             40                 25                194         1.0000E+01
             40                 26                 84         1.1050E+01
             40                 27                 22         1.2200E+01
             40                 28                  4         1.3450E+01
             41                 20                  1         7.3000E+00
             41                 21                  8         7.8500E+00
             41                 22                 11         8.5000E+00
             41                 23                 40         9.2500E+00
             41                 24                 28         1.0100E+01
             41                 25                 16         1.1050E+01
             41                 26                  7         1.2100E+01
