  #Crystal Size      Water Content              Count               Bias
             27                 23                  4         6.4000E+00
             27                 24                  1         7.2500E+00
             27                 25                  3         8.2000E+00
             27                 27                  3         1.0400E+01
             27                 28                  1         1.1650E+01
             27                 29                  6         1.3000E+01
             27                 30                  1         1.4450E+01
             28                 19                  3         3.2500E+00
             28                 20                  1         3.7000E+00
             28                 21                  2         4.2500E+00
             28                 22                  3         4.9000E+00
             28                 23                 20         5.6500E+00
             28                 24                 50         6.5000E+00
             28                 25                 25         7.4500E+00
             28                 26                 22         8.5000E+00
             28                 27                 19         9.6500E+00
             28                 28                  4         1.0900E+01
             28                 29                 17         1.2250E+01
             28                 30                  2         1.3700E+01
             29                 19                  2         2.6000E+00
             29                 20                 23         3.0500E+00
             29                 21                 13         3.6000E+00
             29                 22                 30         4.2500E+00
             29                 23                 97         5.0000E+00
             29                 24                123         5.8500E+00
             29                 25                151         6.8000E+00
             29                 26                123         7.8500E+00
             29                 27                 88         9.0000E+00
             29                 28                 51         1.0250E+01
             29                 29                 20         1.1600E+01
             29                 30                  4         1.3050E+01
             29                 31                  1         1.4600E+01
             30                 18                  2         1.7000E+00
             30                 19                 15         2.0500E+00
             30                 20                 36         2.5000E+00
             30                 21                 73         3.0500E+00
             30                 22                131         3.7000E+00
             30                 23                340         4.4500E+00
             30                 24                647         5.3000E+00
             30                 25                711         6.2500E+00
             30                 26                592         7.3000E+00
             30                 27                432         8.4500E+00
             30                 28                232         9.7000E+00
             30                 29                123         1.1050E+01
             30                 30                 31         1.2500E+01
             30                 31                  9         1.4050E+01
             30                 32                  1         1.5700E+01
             31                 18                 20         1.2500E+00
             31                 19                111         1.6000E+00
             31                 20                195         2.0500E+00
             31                 21                240         2.6000E+00
             31                 22                524         3.2500E+00
             31                 23               1285         4.0000E+00
             31                 24               2202         4.8500E+00
             31                 25               2379         5.8000E+00
             31                 26               2295         6.8500E+00
             31                 27               1451         8.0000E+00
             31                 28                697         9.2500E+00
             31                 29                398         1.0600E+01
             31                 30                114         1.2050E+01
             31                 31                 32         1.3600E+01
             31                 32                  7         1.5250E+01
             32                 17                  3         6.5000E-01
             32                 18                 62         9.0000E-01
             32                 19                218         1.2500E+00
             32                 20                496         1.7000E+00
             32                 21                974         2.2500E+00
             32                 22               1982         2.9000E+00
             32                 23               3716         3.6500E+00
             32                 24               5977         4.5000E+00
             32                 25               6661         5.4500E+00
             32                 26               5566         6.5000E+00
             32                 27               4127         7.6500E+00
             32                 28               2069         8.9000E+00
             32                 29                954         1.0250E+01
             32                 30                240         1.1700E+01
             32                 31                 64         1.3250E+01
             32                 32                 29         1.4900E+01
             33                 17                  6         4.0000E-01
             33                 18                122         6.5000E-01
             33                 19                462         1.0000E+00
             33                 20               1094         1.4500E+00
             33                 21               2311         2.0000E+00
             33                 22               4414         2.6500E+00
             33                 23               7798         3.4000E+00
             33                 24              12140         4.2500E+00
             33                 25              13928         5.2000E+00
             33                 26              11559         6.2500E+00
             33                 27               8088         7.4000E+00
             33                 28               4508         8.6500E+00
             33                 29               2290         1.0000E+01
             33                 30                684         1.1450E+01
             33                 31                211         1.3000E+01
             33                 32                 86         1.4650E+01
             33                 33                  4         1.6400E+01
             34                 17                 11         2.5000E-01
             34                 18                140         5.0000E-01
             34                 19                662         8.5000E-01
             34                 20               1627         1.3000E+00
             34                 21               3747         1.8500E+00
             34                 22               8032         2.5000E+00
             34                 23              13240         3.2500E+00
             34                 24              19348         4.1000E+00
             34                 25              21024         5.0500E+00
             34                 26              18261         6.1000E+00
             34                 27              12917         7.2500E+00
             34                 28               7808         8.5000E+00
             34                 29               3584         9.8500E+00
             34                 30               1458         1.1300E+01
             34                 31                491         1.2850E+01
             34                 32                 66         1.4500E+01
             34                 33                  9         1.6250E+01
             35                 17                 13         2.0000E-01
             35                 18                115         4.5000E-01
             35                 19                785         8.0000E-01
             35                 20               2195         1.2500E+00
             35                 21               5445         1.8000E+00
             35                 22              11337         2.4500E+00
             35                 23              18912         3.2000E+00
             35                 24              25920         4.0500E+00
             35                 25              27872         5.0000E+00
             35                 26              23149         6.0500E+00
             35                 27              15927         7.2000E+00
             35                 28               9563         8.4500E+00
             35                 29               4381         9.8000E+00
             35                 30               1823         1.1250E+01
             35                 31                438         1.2800E+01
             35                 32                 98         1.4450E+01
             35                 33                  4         1.6200E+01
             36                 16                  2         1.0000E-01
             36                 17                 18         2.5000E-01
             36                 18                128         5.0000E-01
             36                 19                675         8.5000E-01
             36                 20               2557         1.3000E+00
             36                 21               6988         1.8500E+00
             36                 22              13827         2.5000E+00
             36                 23              23708         3.2500E+00
             36                 24              31133         4.1000E+00
             36                 25              32527         5.0500E+00
             36                 26              26152         6.1000E+00
             36                 27              17417         7.2500E+00
             36                 28               9148         8.5000E+00
             36                 29               4070         9.8500E+00
             36                 30               1488         1.1300E+01
             36                 31                384         1.2850E+01
             36                 32                 63         1.4500E+01
             36                 33                 16         1.6250E+01
             37                 16                  1         2.5000E-01
             37                 17                 30         4.0000E-01
             37                 18                111         6.5000E-01
             37                 19                622         1.0000E+00
             37                 20               2801         1.4500E+00
             37                 21               7192         2.0000E+00
             37                 22              14938         2.6500E+00
             37                 23              24494         3.4000E+00
             37                 24              32424         4.2500E+00
             37                 25              33013         5.2000E+00
             37                 26              25631         6.2500E+00
             37                 27              16457         7.4000E+00
             37                 28               8827         8.6500E+00
             37                 29               3766         1.0000E+01
             37                 30               1276         1.1450E+01
             37                 31                296         1.3000E+01
             37                 32                 63         1.4650E+01
             37                 33                 14         1.6400E+01
             37                 34                  5         1.8250E+01
             38                 16                  1         5.0000E-01
             38                 17                 31         6.5000E-01
             38                 18                151         9.0000E-01
             38                 19                670         1.2500E+00
             38                 20               2236         1.7000E+00
             38                 21               6141         2.2500E+00
             38                 22              12113         2.9000E+00
             38                 23              20581         3.6500E+00
             38                 24              26344         4.5000E+00
             38                 25              26071         5.4500E+00
             38                 26              20817         6.5000E+00
             38                 27              12835         7.6500E+00
             38                 28               7225         8.9000E+00
             38                 29               3033         1.0250E+01
             38                 30                911         1.1700E+01
             38                 31                266         1.3250E+01
             38                 32                 79         1.4900E+01
             38                 33                 23         1.6650E+01
             38                 34                  2         1.8500E+01
             39                 17                 12         1.0000E+00
             39                 18                 86         1.2500E+00
             39                 19                392         1.6000E+00
             39                 20               1233         2.0500E+00
             39                 21               3654         2.6000E+00
             39                 22               7162         3.2500E+00
             39                 23              12545         4.0000E+00
             39                 24              16347         4.8500E+00
             39                 25              16662         5.8000E+00
             39                 26              12658         6.8500E+00
             39                 27               8426         8.0000E+00
             39                 28               4686         9.2500E+00
             39                 29               2141         1.0600E+01
             39                 30                670         1.2050E+01
             39                 31                212         1.3600E+01
             39                 32                 37         1.5250E+01
             39                 33                 16         1.7000E+01
             40                 17                  2         1.4500E+00
             40                 18                 32         1.7000E+00
             40                 19                269         2.0500E+00
             40                 20                747         2.5000E+00
             40                 21               1798         3.0500E+00
             40                 22               3405         3.7000E+00
             40                 23               4783         4.4500E+00
             40                 24               6978         5.3000E+00
             40                 25               7668         6.2500E+00
             40                 26               5922         7.3000E+00
             40                 27               3685         8.4500E+00
             40                 28               2050         9.7000E+00
             40                 29               1024         1.1050E+01
             40                 30                360         1.2500E+01
             40                 31                110         1.4050E+01
             40                 32                 18         1.5700E+01
             40                 33                  3         1.7450E+01
             41                 18                  8         2.2500E+00
             41                 19                 78         2.6000E+00
             41                 20                291         3.0500E+00
             41                 21                474         3.6000E+00
             41                 22               1017         4.2500E+00
             41                 23               1330         5.0000E+00
             41                 24               1796         5.8500E+00
             41                 25               2302         6.8000E+00
             41                 26               1736         7.8500E+00
             41                 27                994         9.0000E+00
             41                 28                508         1.0250E+01
             41                 29                284         1.1600E+01
             41                 30                 97         1.3050E+01
             41                 31                 36         1.4600E+01
             41                 32                 11         1.6250E+01
             42                 19                  6         3.2500E+00
             42                 20                 50         3.7000E+00
             42                 21                 92         4.2500E+00
             42                 22                216         4.9000E+00
             42                 23                249         5.6500E+00
             42                 24                345         6.5000E+00
             42                 25                306         7.4500E+00
             42                 26                213         8.5000E+00
             42                 27                120         9.6500E+00
             42                 28                 84         1.0900E+01
             42                 29                 64         1.2250E+01
             42                 30                 10         1.3700E+01
             42                 31                  1         1.5250E+01
             43                 21                 24         5.0000E+00
             43                 22                 37         5.6500E+00
             43                 23                 37         6.4000E+00
             43                 24                 26         7.2500E+00
             43                 25                 37         8.2000E+00
             43                 26                 16         9.2500E+00
             43                 27                  4         1.0400E+01
             43                 28                  5         1.1650E+01
             43                 29                  1         1.3000E+01
             43                 30                  1         1.4450E+01
             44                 21                  3         5.8500E+00
             44                 22                 14         6.5000E+00
             44                 23                  2         7.2500E+00
             44                 24                  3         8.1000E+00
             45                 22                  3         7.4500E+00
             45                 23                  1         8.2000E+00
