  #Crystal Size      Water Content              Count               Bias
             34                 18                  1         6.5000E+00
             34                 21                  1         7.8500E+00
             35                 17                  2         5.2000E+00
             35                 18                  1         5.4500E+00
             35                 19                  2         5.8000E+00
             35                 20                  2         6.2500E+00
             35                 21                  3         6.8000E+00
             35                 22                 12         7.4500E+00
             35                 23                  4         8.2000E+00
             35                 24                  2         9.0500E+00
             35                 25                  2         1.0000E+01
             35                 27                  1         1.2200E+01
             36                 15                  5         4.0500E+00
             36                 16                  3         4.1000E+00
             36                 17                 10         4.2500E+00
             36                 18                  8         4.5000E+00
             36                 19                 39         4.8500E+00
             36                 20                 32         5.3000E+00
             36                 21                 28         5.8500E+00
             36                 22                 50         6.5000E+00
             36                 23                 58         7.2500E+00
             36                 24                 38         8.1000E+00
             36                 25                  7         9.0500E+00
             36                 26                 12         1.0100E+01
             36                 27                  1         1.1250E+01
             37                 14                  1         3.2500E+00
             37                 15                 15         3.2000E+00
             37                 16                 25         3.2500E+00
             37                 17                 43         3.4000E+00
             37                 18                103         3.6500E+00
             37                 19                256         4.0000E+00
             37                 20                387         4.4500E+00
             37                 21                351         5.0000E+00
             37                 22                359         5.6500E+00
             37                 23                344         6.4000E+00
             37                 24                207         7.2500E+00
             37                 25                 98         8.2000E+00
             37                 26                 39         9.2500E+00
             37                 27                  2         1.0400E+01
             38                 13                  4         2.6500E+00
             38                 14                 17         2.5000E+00
             38                 15                 41         2.4500E+00
             38                 16                 97         2.5000E+00
             38                 17                224         2.6500E+00
             38                 18                632         2.9000E+00
             38                 19               1285         3.2500E+00
             38                 20               1725         3.7000E+00
             38                 21               1886         4.2500E+00
             38                 22               1925         4.9000E+00
             38                 23               1537         5.6500E+00
             38                 24                860         6.5000E+00
             38                 25                378         7.4500E+00
             38                 26                140         8.5000E+00
             38                 27                  7         9.6500E+00
             38                 28                  2         1.0900E+01
             39                 11                  1         2.6000E+00
             39                 12                  4         2.2500E+00
             39                 13                 28         2.0000E+00
             39                 14                113         1.8500E+00
             39                 15                269         1.8000E+00
             39                 16                481         1.8500E+00
             39                 17               1122         2.0000E+00
             39                 18               2213         2.2500E+00
             39                 19               4065         2.6000E+00
             39                 20               5693         3.0500E+00
             39                 21               6351         3.6000E+00
             39                 22               5729         4.2500E+00
             39                 23               4057         5.0000E+00
             39                 24               2457         5.8500E+00
             39                 25               1248         6.8000E+00
             39                 26                451         7.8500E+00
             39                 27                100         9.0000E+00
             39                 28                 27         1.0250E+01
             39                 29                  3         1.1600E+01
             40                 11                  6         2.0500E+00
             40                 12                  8         1.7000E+00
             40                 13                110         1.4500E+00
             40                 14                433         1.3000E+00
             40                 15                880         1.2500E+00
             40                 16               1742         1.3000E+00
             40                 17               3328         1.4500E+00
             40                 18               6071         1.7000E+00
             40                 19               9081         2.0500E+00
             40                 20              12896         2.5000E+00
             40                 21              13968         3.0500E+00
             40                 22              11968         3.7000E+00
             40                 23               8498         4.4500E+00
             40                 24               4989         5.3000E+00
             40                 25               2468         6.2500E+00
             40                 26               1018         7.3000E+00
             40                 27                254         8.4500E+00
             40                 28                 58         9.7000E+00
             40                 29                 12         1.1050E+01
             40                 30                  4         1.2500E+01
             41                 11                 15         1.6000E+00
             41                 12                 53         1.2500E+00
             41                 13                273         1.0000E+00
             41                 14               1226         8.5000E-01
             41                 15               2644         8.0000E-01
             41                 16               4875         8.5000E-01
             41                 17               8331         1.0000E+00
             41                 18              12435         1.2500E+00
             41                 19              16512         1.6000E+00
             41                 20              19250         2.0500E+00
             41                 21              19259         2.6000E+00
             41                 22              15647         3.2500E+00
             41                 23              10412         4.0000E+00
             41                 24               6007         4.8500E+00
             41                 25               3033         5.8000E+00
             41                 26               1299         6.8500E+00
             41                 27                299         8.0000E+00
             41                 28                 58         9.2500E+00
             41                 29                 16         1.0600E+01
             41                 30                  6         1.2050E+01
             42                 10                  6         1.7000E+00
             42                 11                 49         1.2500E+00
             42                 12                192         9.0000E-01
             42                 13                680         6.5000E-01
             42                 14               2471         5.0000E-01
             42                 15               5884         4.5000E-01
             42                 16              10795         5.0000E-01
             42                 17              16786         6.5000E-01
             42                 18              21897         9.0000E-01
             42                 19              23489         1.2500E+00
             42                 20              21083         1.7000E+00
             42                 21              17196         2.2500E+00
             42                 22              12235         2.9000E+00
             42                 23               7962         3.6500E+00
             42                 24               4633         4.5000E+00
             42                 25               2168         5.4500E+00
             42                 26                968         6.5000E+00
             42                 27                251         7.6500E+00
             42                 28                 42         8.9000E+00
             42                 29                  6         1.0250E+01
             43                 10                 19         1.4500E+00
             43                 11                 43         1.0000E+00
             43                 12                315         6.5000E-01
             43                 13               1033         4.0000E-01
             43                 14               3626         2.5000E-01
             43                 15               9032         2.0000E-01
             43                 16              17564         2.5000E-01
             43                 17              26691         4.0000E-01
             43                 18              31546         6.5000E-01
             43                 19              28080         1.0000E+00
             43                 20              20414         1.4500E+00
             43                 21              13399         2.0000E+00
             43                 22               7831         2.6500E+00
             43                 23               4974         3.4000E+00
             43                 24               2727         4.2500E+00
             43                 25               1630         5.2000E+00
             43                 26                633         6.2500E+00
             43                 27                164         7.4000E+00
             43                 28                 24         8.6500E+00
             43                 29                  1         1.0000E+01
             44                 11                 27         8.5000E-01
             44                 12                314         5.0000E-01
             44                 13               1182         2.5000E-01
             44                 14               3643         1.0000E-01
             44                 15               9871         5.0000E-02
             44                 16              19934         1.0000E-01
             44                 17              31299         2.5000E-01
             44                 18              35408         5.0000E-01
             44                 19              29099         8.5000E-01
             44                 20              19317         1.3000E+00
             44                 21              10204         1.8500E+00
             44                 22               5209         2.5000E+00
             44                 23               2637         3.2500E+00
             44                 24               1717         4.1000E+00
             44                 25               1002         5.0500E+00
             44                 26                359         6.1000E+00
             44                 27                 97         7.2500E+00
             44                 28                 27         8.5000E+00
             45                 10                  1         1.2500E+00
             45                 11                 26         8.0000E-01
             45                 12                174         4.5000E-01
             45                 13               1019         2.0000E-01
             45                 14               3124         5.0000E-02
             45                 15               8453         0.0000E+00
             45                 16              16629         5.0000E-02
             45                 17              26159         2.0000E-01
             45                 18              29052         4.5000E-01
             45                 19              23904         8.0000E-01
             45                 20              14633         1.2500E+00
             45                 21               7083         1.8000E+00
             45                 22               3331         2.4500E+00
             45                 23               1607         3.2000E+00
             45                 24                840         4.0500E+00
             45                 25                535         5.0000E+00
             45                 26                304         6.0500E+00
             45                 27                 31         7.2000E+00
             45                 28                  2         8.4500E+00
             46                 11                 11         8.5000E-01
             46                 12                 93         5.0000E-01
             46                 13                577         2.5000E-01
             46                 14               1686         1.0000E-01
             46                 15               4999         5.0000E-02
             46                 16              10321         1.0000E-01
             46                 17              15792         2.5000E-01
             46                 18              17188         5.0000E-01
             46                 19              14570         8.5000E-01
             46                 20               8629         1.3000E+00
             46                 21               3835         1.8500E+00
             46                 22               1507         2.5000E+00
             46                 23                707         3.2500E+00
             46                 24                286         4.1000E+00
             46                 25                171         5.0500E+00
             46                 26                 73         6.1000E+00
             46                 27                  1         7.2500E+00
             47                 11                  1         1.0000E+00
             47                 12                 23         6.5000E-01
             47                 13                184         4.0000E-01
             47                 14                777         2.5000E-01
             47                 15               2141         2.0000E-01
             47                 16               4302         2.5000E-01
             47                 17               7018         4.0000E-01
             47                 18               7845         6.5000E-01
             47                 19               6204         1.0000E+00
             47                 20               3595         1.4500E+00
             47                 21               1533         2.0000E+00
             47                 22                474         2.6500E+00
             47                 23                162         3.4000E+00
             47                 24                 50         4.2500E+00
             47                 25                 35         5.2000E+00
             47                 26                 14         6.2500E+00
             48                 12                 11         9.0000E-01
             48                 13                 50         6.5000E-01
             48                 14                187         5.0000E-01
             48                 15                479         4.5000E-01
             48                 16               1262         5.0000E-01
             48                 17               2089         6.5000E-01
             48                 18               2307         9.0000E-01
             48                 19               1805         1.2500E+00
             48                 20                933         1.7000E+00
             48                 21                454         2.2500E+00
             48                 22                155         2.9000E+00
             48                 23                 56         3.6500E+00
             48                 24                  4         4.5000E+00
             49                 11                  1         1.6000E+00
             49                 13                 12         1.0000E+00
             49                 14                 23         8.5000E-01
             49                 15                 77         8.0000E-01
             49                 16                209         8.5000E-01
             49                 17                366         1.0000E+00
             49                 18                374         1.2500E+00
             49                 19                173         1.6000E+00
             49                 20                 72         2.0500E+00
             49                 21                 43         2.6000E+00
             49                 22                 26         3.2500E+00
             49                 23                 15         4.0000E+00
             50                 13                  3         1.4500E+00
             50                 14                  3         1.3000E+00
             50                 15                  1         1.2500E+00
             50                 16                  2         1.3000E+00
             50                 17                 10         1.4500E+00
             50                 18                 13         1.7000E+00
             50                 19                 17         2.0500E+00
             50                 22                  1         3.7000E+00
             51                 13                  2         2.0000E+00
             51                 14                  1         1.8500E+00
