  #Crystal Size      Water Content              Count               Bias
             17                 27                  2         1.0400E+01
             18                 21                  2         4.2500E+00
             18                 23                  1         5.6500E+00
             18                 24                  1         6.5000E+00
             18                 25                  3         7.4500E+00
             18                 26                  4         8.5000E+00
             18                 27                  2         9.6500E+00
             18                 28                  4         1.0900E+01
             19                 20                  1         3.0500E+00
             19                 21                  9         3.6000E+00
             19                 22                  9         4.2500E+00
             19                 23                 15         5.0000E+00
             19                 24                 15         5.8500E+00
             19                 25                 34         6.8000E+00
             19                 26                 24         7.8500E+00
             19                 27                 25         9.0000E+00
             19                 28                 17         1.0250E+01
             19                 29                  2         1.1600E+01
             19                 30                  4         1.3050E+01
             19                 31                  3         1.4600E+01
             20                 19                  1         2.0500E+00
             20                 20                  1         2.5000E+00
             20                 21                 12         3.0500E+00
             20                 22                 34         3.7000E+00
             20                 23                 76         4.4500E+00
             20                 24                105         5.3000E+00
             20                 25                196         6.2500E+00
             20                 26                186         7.3000E+00
             20                 27                157         8.4500E+00
             20                 28                156         9.7000E+00
             20                 29                 28         1.1050E+01
             20                 30                 19         1.2500E+01
             20                 31                  3         1.4050E+01
             20                 32                  8         1.5700E+01
             20                 33                  7         1.7450E+01
             21                 19                  1         1.6000E+00
             21                 20                  9         2.0500E+00
             21                 21                 43         2.6000E+00
             21                 22                121         3.2500E+00
             21                 23                298         4.0000E+00
             21                 24                494         4.8500E+00
             21                 25                812         5.8000E+00
             21                 26                767         6.8500E+00
             21                 27                560         8.0000E+00
             21                 28                448         9.2500E+00
             21                 29                202         1.0600E+01
             21                 30                 89         1.2050E+01
             21                 31                 38         1.3600E+01
             21                 32                 26         1.5250E+01
             21                 33                 18         1.7000E+01
             21                 34                  2         1.8850E+01
             22                 20                 17         1.7000E+00
             22                 21                117         2.2500E+00
             22                 22                306         2.9000E+00
             22                 23                845         3.6500E+00
             22                 24               1729         4.5000E+00
             22                 25               2595         5.4500E+00
             22                 26               2714         6.5000E+00
             22                 27               2183         7.6500E+00
             22                 28               1576         8.9000E+00
             22                 29                812         1.0250E+01
             22                 30                291         1.1700E+01
             22                 31                110         1.3250E+01
             22                 32                 60         1.4900E+01
             22                 33                  8         1.6650E+01
             22                 34                  8         1.8500E+01
             23                 19                  3         1.0000E+00
             23                 20                 48         1.4500E+00
             23                 21                187         2.0000E+00
             23                 22                712         2.6500E+00
             23                 23               2293         3.4000E+00
             23                 24               4911         4.2500E+00
             23                 25               6683         5.2000E+00
             23                 26               7257         6.2500E+00
             23                 27               6456         7.4000E+00
             23                 28               4246         8.6500E+00
             23                 29               1979         1.0000E+01
             23                 30                877         1.1450E+01
             23                 31                361         1.3000E+01
             23                 32                 70         1.4650E+01
             23                 33                 24         1.6400E+01
             23                 34                  7         1.8250E+01
             24                 20                 41         1.3000E+00
             24                 21                332         1.8500E+00
             24                 22               1759         2.5000E+00
             24                 23               5175         3.2500E+00
             24                 24              10292         4.1000E+00
             24                 25              14911         5.0500E+00
             24                 26              16964         6.1000E+00
             24                 27              14453         7.2500E+00
             24                 28               9458         8.5000E+00
             24                 29               4630         9.8500E+00
             24                 30               1815         1.1300E+01
             24                 31                606         1.2850E+01
             24                 32                173         1.4500E+01
             24                 33                 28         1.6250E+01
             24                 34                 13         1.8100E+01
             24                 35                  1         2.0050E+01
             25                 19                  5         8.0000E-01
             25                 20                 98         1.2500E+00
             25                 21                756         1.8000E+00
             25                 22               2630         2.4500E+00
             25                 23               8074         3.2000E+00
             25                 24              16692         4.0500E+00
             25                 25              26019         5.0000E+00
             25                 26              30401         6.0500E+00
             25                 27              25869         7.2000E+00
             25                 28              17286         8.4500E+00
             25                 29               8725         9.8000E+00
             25                 30               3106         1.1250E+01
             25                 31               1072         1.2800E+01
             25                 32                201         1.4450E+01
             25                 33                 34         1.6200E+01
             25                 34                 17         1.8050E+01
             25                 35                  3         2.0000E+01
             26                 19                  1         8.5000E-01
             26                 20                110         1.3000E+00
             26                 21                888         1.8500E+00
             26                 22               3243         2.5000E+00
             26                 23               9818         3.2500E+00
             26                 24              21164         4.1000E+00
             26                 25              34857         5.0500E+00
             26                 26              40634         6.1000E+00
             26                 27              35670         7.2500E+00
             26                 28              24040         8.5000E+00
             26                 29              12606         9.8500E+00
             26                 30               4629         1.1300E+01
             26                 31               1397         1.2850E+01
             26                 32                287         1.4500E+01
             26                 33                 42         1.6250E+01
             26                 34                  5         1.8100E+01
             26                 35                  4         2.0050E+01
             27                 20                129         1.4500E+00
             27                 21                738         2.0000E+00
             27                 22               3086         2.6500E+00
             27                 23               9388         3.4000E+00
             27                 24              20612         4.2500E+00
             27                 25              35759         5.2000E+00
             27                 26              43424         6.2500E+00
             27                 27              37938         7.4000E+00
             27                 28              26428         8.6500E+00
             27                 29              13507         1.0000E+01
             27                 30               4971         1.1450E+01
             27                 31               1405         1.3000E+01
             27                 32                272         1.4650E+01
             27                 33                 60         1.6400E+01
             27                 34                  5         1.8250E+01
             28                 19                  2         1.2500E+00
             28                 20                 81         1.7000E+00
             28                 21                453         2.2500E+00
             28                 22               2126         2.9000E+00
             28                 23               6594         3.6500E+00
             28                 24              16578         4.5000E+00
             28                 25              28652         5.4500E+00
             28                 26              34414         6.5000E+00
             28                 27              31322         7.6500E+00
             28                 28              21634         8.9000E+00
             28                 29              11777         1.0250E+01
             28                 30               4213         1.1700E+01
             28                 31               1068         1.3250E+01
             28                 32                351         1.4900E+01
             28                 33                 61         1.6650E+01
             29                 19                  1         1.6000E+00
             29                 20                 46         2.0500E+00
             29                 21                359         2.6000E+00
             29                 22               1199         3.2500E+00
             29                 23               3867         4.0000E+00
             29                 24              10168         4.8500E+00
             29                 25              17741         5.8000E+00
             29                 26              21612         6.8500E+00
             29                 27              20958         8.0000E+00
             29                 28              15322         9.2500E+00
             29                 29               7837         1.0600E+01
             29                 30               3068         1.2050E+01
             29                 31                807         1.3600E+01
             29                 32                133         1.5250E+01
             29                 33                 36         1.7000E+01
             29                 34                  2         1.8850E+01
             30                 20                  4         2.5000E+00
             30                 21                114         3.0500E+00
             30                 22                532         3.7000E+00
             30                 23               1867         4.4500E+00
             30                 24               4792         5.3000E+00
             30                 25               8599         6.2500E+00
             30                 26              10579         7.3000E+00
             30                 27              10041         8.4500E+00
             30                 28               7600         9.7000E+00
             30                 29               4017         1.1050E+01
             30                 30               1502         1.2500E+01
             30                 31                407         1.4050E+01
             30                 32                113         1.5700E+01
             30                 33                 13         1.7450E+01
             30                 34                  1         1.9300E+01
             31                 20                  1         3.0500E+00
             31                 21                 16         3.6000E+00
             31                 22                233         4.2500E+00
             31                 23                745         5.0000E+00
             31                 24               1794         5.8500E+00
             31                 25               2999         6.8000E+00
             31                 26               3715         7.8500E+00
             31                 27               3535         9.0000E+00
             31                 28               2924         1.0250E+01
             31                 29               1570         1.1600E+01
             31                 30                522         1.3050E+01
             31                 31                 95         1.4600E+01
             31                 32                 24         1.6250E+01
             31                 33                  2         1.8000E+01
             32                 20                  2         3.7000E+00
             32                 21                  3         4.2500E+00
             32                 22                 65         4.9000E+00
             32                 23                194         5.6500E+00
             32                 24                505         6.5000E+00
             32                 25                854         7.4500E+00
             32                 26               1017         8.5000E+00
             32                 27                903         9.6500E+00
             32                 28                681         1.0900E+01
             32                 29                343         1.2250E+01
             32                 30                187         1.3700E+01
             32                 31                 64         1.5250E+01
             32                 32                  9         1.6900E+01
             33                 22                  9         5.6500E+00
             33                 23                 38         6.4000E+00
             33                 24                104         7.2500E+00
             33                 25                182         8.2000E+00
             33                 26                217         9.2500E+00
             33                 27                169         1.0400E+01
             33                 28                101         1.1650E+01
             33                 29                 57         1.3000E+01
             33                 30                 10         1.4450E+01
             33                 31                  6         1.6000E+01
             34                 23                  3         7.2500E+00
             34                 24                  7         8.1000E+00
             34                 25                 11         9.0500E+00
             34                 26                 15         1.0100E+01
             34                 27                 35         1.1250E+01
             34                 28                 19         1.2500E+01
             34                 29                  3         1.3850E+01
             34                 30                  1         1.5300E+01
             35                 22                  1         7.4500E+00
             35                 23                  2         8.2000E+00
             35                 24                  2         9.0500E+00
             35                 25                  3         1.0000E+01
             35                 26                  5         1.1050E+01
