  #Crystal Size      Water Content              Count               Bias
             40                 10                  1         3.1250E+01
             41                  5                  4         2.1050E+01
             41                  7                  1         2.4250E+01
             41                  8                  2         2.6000E+01
             41                  9                  1         2.7850E+01
             41                 10                 11         2.9800E+01
             42                  1                  1         1.4500E+01
             42                  2                  5         1.5650E+01
             42                  3                 11         1.6900E+01
             42                  4                 26         1.8250E+01
             42                  5                 49         1.9700E+01
             42                  6                 31         2.1250E+01
             42                  7                 19         2.2900E+01
             42                  8                 13         2.4650E+01
             42                  9                 24         2.6500E+01
             42                 10                 21         2.8450E+01
             42                 11                  5         3.0500E+01
             43                  1                  1         1.3250E+01
             43                  2                 55         1.4400E+01
             43                  3                 84         1.5650E+01
             43                  4                155         1.7000E+01
             43                  5                290         1.8450E+01
             43                  6                366         2.0000E+01
             43                  7                284         2.1650E+01
             43                  8                256         2.3400E+01
             43                  9                139         2.5250E+01
             43                 10                 59         2.7200E+01
             43                 11                  6         2.9250E+01
             44                  0                 10         1.1050E+01
             44                  1                 32         1.2100E+01
             44                  2                284         1.3250E+01
             44                  3                590         1.4500E+01
             44                  4               1063         1.5850E+01
             44                  5               1763         1.7300E+01
             44                  6               2266         1.8850E+01
             44                  7               2215         2.0500E+01
             44                  8               1558         2.2250E+01
             44                  9                863         2.4100E+01
             44                 10                308         2.6050E+01
             44                 11                 51         2.8100E+01
             44                 12                  5         3.0250E+01
             44                 13                  2         3.2500E+01
             45                  0                  4         1.0000E+01
             45                  1                229         1.1050E+01
             45                  2                822         1.2200E+01
             45                  3               1845         1.3450E+01
             45                  4               3964         1.4800E+01
             45                  5               6850         1.6250E+01
             45                  6               8756         1.7800E+01
             45                  7               8134         1.9450E+01
             45                  8               5694         2.1200E+01
             45                  9               3137         2.3050E+01
             45                 10               1193         2.5000E+01
             45                 11                277         2.7050E+01
             45                 12                 31         2.9200E+01
             45                 13                  8         3.1450E+01
             46                  0                 72         9.0500E+00
             46                  1                561         1.0100E+01
             46                  2               2097         1.1250E+01
             46                  3               5010         1.2500E+01
             46                  4              11043         1.3850E+01
             46                  5              18670         1.5300E+01
             46                  6              23850         1.6850E+01
             46                  7              22220         1.8500E+01
             46                  8              15512         2.0250E+01
             46                  9               8209         2.2100E+01
             46                 10               3074         2.4050E+01
             46                 11                804         2.6100E+01
             46                 12                141         2.8250E+01
             46                 13                 13         3.0500E+01
             46                 14                  1         3.2850E+01
             47                  0                157         8.2000E+00
             47                  1               1052         9.2500E+00
             47                  2               3842         1.0400E+01
             47                  3              10747         1.1650E+01
             47                  4              23730         1.3000E+01
             47                  5              38007         1.4450E+01
             47                  6              46037         1.6000E+01
             47                  7              41306         1.7650E+01
             47                  8              28363         1.9400E+01
             47                  9              15215         2.1250E+01
             47                 10               5950         2.3200E+01
             47                 11               1603         2.5250E+01
             47                 12                253         2.7400E+01
             47                 13                 40         2.9650E+01
             47                 14                  4         3.2000E+01
             48                  0                273         7.4500E+00
             48                  1               1432         8.5000E+00
             48                  2               5209         9.6500E+00
             48                  3              14969         1.0900E+01
             48                  4              33592         1.2250E+01
             48                  5              51423         1.3700E+01
             48                  6              60730         1.5250E+01
             48                  7              53311         1.6900E+01
             48                  8              35411         1.8650E+01
             48                  9              19108         2.0500E+01
             48                 10               7500         2.2450E+01
             48                 11               2280         2.4500E+01
             48                 12                461         2.6650E+01
             48                 13                 68         2.8900E+01
             48                 14                  1         3.1250E+01
             49                  0                208         6.8000E+00
             49                  1               1187         7.8500E+00
             49                  2               4209         9.0000E+00
             49                  3              13133         1.0250E+01
             49                  4              28401         1.1600E+01
             49                  5              42530         1.3050E+01
             49                  6              47828         1.4600E+01
             49                  7              41942         1.6250E+01
             49                  8              27478         1.8000E+01
             49                  9              14650         1.9850E+01
             49                 10               5560         2.1800E+01
             49                 11               1702         2.3850E+01
             49                 12                433         2.6000E+01
             49                 13                 97         2.8250E+01
             49                 14                  2         3.0600E+01
             50                  0                 11         6.2500E+00
             50                  1                287         7.3000E+00
             50                  2               1874         8.4500E+00
             50                  3               5857         9.7000E+00
             50                  4              11681         1.1050E+01
             50                  5              17744         1.2500E+01
             50                  6              18737         1.4050E+01
             50                  7              15714         1.5700E+01
             50                  8              10687         1.7450E+01
             50                  9               5008         1.9300E+01
             50                 10               2149         2.1250E+01
             50                 11                614         2.3300E+01
             50                 12                145         2.5450E+01
             50                 13                 49         2.7700E+01
             50                 14                  9         3.0050E+01
             51                  1                 28         6.8500E+00
             51                  2                198         8.0000E+00
             51                  3               1060         9.2500E+00
             51                  4               2165         1.0600E+01
             51                  5               2596         1.2050E+01
             51                  6               2514         1.3600E+01
             51                  7               1799         1.5250E+01
             51                  8                958         1.7000E+01
             51                  9                364         1.8850E+01
             51                 10                112         2.0800E+01
             51                 11                 19         2.2850E+01
             52                  2                 28         7.6500E+00
             52                  3                205         8.9000E+00
             52                  4                236         1.0250E+01
             52                  5                186         1.1700E+01
             52                  6                189         1.3250E+01
             52                  7                 83         1.4900E+01
             52                  8                 51         1.6650E+01
             52                  9                 15         1.8500E+01
             52                 10                  7         2.0450E+01
             53                  3                  5         8.6500E+00
             53                  4                  3         1.0000E+01
             53                  5                  1         1.1450E+01
             53                  6                  1         1.3000E+01
             53                  8                 18         1.6400E+01
             53                  9                  6         1.8250E+01
             53                 10                  2         2.0200E+01
