  #Crystal Size      Water Content              Count               Bias
             40                  7                  2         1.3700E+01
             40                  9                  1         1.5300E+01
             41                  7                 18         1.2250E+01
             41                  8                 21         1.3000E+01
             41                  9                 13         1.3850E+01
             41                 10                  1         1.4800E+01
             42                  4                  1         9.2500E+00
             42                  5                  7         9.7000E+00
             42                  6                 21         1.0250E+01
             42                  7                 62         1.0900E+01
             42                  8                 75         1.1650E+01
             42                  9                 96         1.2500E+01
             42                 10                 38         1.3450E+01
             42                 11                 23         1.4500E+01
             42                 12                 15         1.5650E+01
             42                 14                  2         1.8250E+01
             43                  4                  7         8.0000E+00
             43                  5                 40         8.4500E+00
             43                  6                188         9.0000E+00
             43                  7                349         9.6500E+00
             43                  8                400         1.0400E+01
             43                  9                321         1.1250E+01
             43                 10                263         1.2200E+01
             43                 11                252         1.3250E+01
             43                 12                116         1.4400E+01
             43                 13                 31         1.5650E+01
             43                 14                 21         1.7000E+01
             43                 15                  3         1.8450E+01
             44                  2                  3         6.2500E+00
             44                  3                 15         6.5000E+00
             44                  4                 96         6.8500E+00
             44                  5                245         7.3000E+00
             44                  6                670         7.8500E+00
             44                  7               1487         8.5000E+00
             44                  8               1842         9.2500E+00
             44                  9               1923         1.0100E+01
             44                 10               1543         1.1050E+01
             44                 11               1155         1.2100E+01
             44                 12                612         1.3250E+01
             44                 13                227         1.4500E+01
             44                 14                 66         1.5850E+01
             44                 15                 35         1.7300E+01
             44                 16                  4         1.8850E+01
             44                 17                  6         2.0500E+01
             45                  2                  4         5.2000E+00
             45                  3                 56         5.4500E+00
             45                  4                312         5.8000E+00
             45                  5                957         6.2500E+00
             45                  6               2495         6.8000E+00
             45                  7               4785         7.4500E+00
             45                  8               6502         8.2000E+00
             45                  9               6684         9.0500E+00
             45                 10               5925         1.0000E+01
             45                 11               4201         1.1050E+01
             45                 12               2282         1.2200E+01
             45                 13                988         1.3450E+01
             45                 14                311         1.4800E+01
             45                 15                152         1.6250E+01
             45                 16                 13         1.7800E+01
             45                 17                  1         1.9450E+01
             46                  2                  4         4.2500E+00
             46                  3                113         4.5000E+00
             46                  4                879         4.8500E+00
             46                  5               2715         5.3000E+00
             46                  6               7065         5.8500E+00
             46                  7              12978         6.5000E+00
             46                  8              17097         7.2500E+00
             46                  9              17934         8.1000E+00
             46                 10              15100         9.0500E+00
             46                 11              11365         1.0100E+01
             46                 12               7009         1.1250E+01
             46                 13               3428         1.2500E+01
             46                 14               1069         1.3850E+01
             46                 15                341         1.5300E+01
             46                 16                 67         1.6850E+01
             46                 17                  3         1.8500E+01
             47                  2                 11         3.4000E+00
             47                  3                180         3.6500E+00
             47                  4               1313         4.0000E+00
             47                  5               4626         4.4500E+00
             47                  6              12756         5.0000E+00
             47                  7              24032         5.6500E+00
             47                  8              32779         6.4000E+00
             47                  9              35216         7.2500E+00
             47                 10              30948         8.2000E+00
             47                 11              24075         9.2500E+00
             47                 12              14780         1.0400E+01
             47                 13               7327         1.1650E+01
             47                 14               2800         1.3000E+01
             47                 15                906         1.4450E+01
             47                 16                197         1.6000E+01
             47                 17                 11         1.7650E+01
             48                  2                 21         2.6500E+00
             48                  3                262         2.9000E+00
             48                  4               1693         3.2500E+00
             48                  5               5799         3.7000E+00
             48                  6              15578         4.2500E+00
             48                  7              31289         4.9000E+00
             48                  8              42222         5.6500E+00
             48                  9              48402         6.5000E+00
             48                 10              43794         7.4500E+00
             48                 11              33552         8.5000E+00
             48                 12              21670         9.6500E+00
             48                 13              10739         1.0900E+01
             48                 14               4302         1.2250E+01
             48                 15               1425         1.3700E+01
             48                 16                237         1.5250E+01
             48                 17                 48         1.6900E+01
             48                 18                  1         1.8650E+01
             49                  1                  1         1.8500E+00
             49                  2                 29         2.0000E+00
             49                  3                320         2.2500E+00
             49                  4               1733         2.6000E+00
             49                  5               5874         3.0500E+00
             49                  6              14178         3.6000E+00
             49                  7              26229         4.2500E+00
             49                  8              35990         5.0000E+00
             49                  9              42234         5.8500E+00
             49                 10              40113         6.8000E+00
             49                 11              30864         7.8500E+00
             49                 12              20171         9.0000E+00
             49                 13              10536         1.0250E+01
             49                 14               3947         1.1600E+01
             49                 15               1318         1.3050E+01
             49                 16                289         1.4600E+01
             49                 17                 38         1.6250E+01
             50                  1                  1         1.3000E+00
             50                  2                 26         1.4500E+00
             50                  3                218         1.7000E+00
             50                  4               1123         2.0500E+00
             50                  5               3841         2.5000E+00
             50                  6               8147         3.0500E+00
             50                  7              14743         3.7000E+00
             50                  8              19797         4.4500E+00
             50                  9              22522         5.3000E+00
             50                 10              21287         6.2500E+00
             50                 11              15929         7.3000E+00
             50                 12              10107         8.4500E+00
             50                 13               5209         9.7000E+00
             50                 14               2227         1.1050E+01
             50                 15                704         1.2500E+01
             50                 16                115         1.4050E+01
             50                 17                  6         1.5700E+01
             51                  2                 16         1.0000E+00
             51                  3                 92         1.2500E+00
             51                  4                594         1.6000E+00
             51                  5               1449         2.0500E+00
             51                  6               2687         2.6000E+00
             51                  7               4651         3.2500E+00
             51                  8               5722         4.0000E+00
             51                  9               6535         4.8500E+00
             51                 10               5744         5.8000E+00
             51                 11               4158         6.8500E+00
             51                 12               2438         8.0000E+00
             51                 13               1085         9.2500E+00
             51                 14                396         1.0600E+01
             51                 15                106         1.2050E+01
             51                 16                 11         1.3600E+01
             51                 17                  6         1.5250E+01
             52                  2                  5         6.5000E-01
             52                  3                  1         9.0000E-01
             52                  4                 61         1.2500E+00
             52                  5                326         1.7000E+00
             52                  6                690         2.2500E+00
             52                  7                869         2.9000E+00
             52                  8               1009         3.6500E+00
             52                  9               1004         4.5000E+00
             52                 10               1125         5.4500E+00
             52                 11                709         6.5000E+00
             52                 12                307         7.6500E+00
             52                 13                100         8.9000E+00
             52                 14                 51         1.0250E+01
             52                 15                 25         1.1700E+01
             53                  5                  1         1.4500E+00
             53                  6                  4         2.0000E+00
             53                  7                  1         2.6500E+00
             53                  8                 11         3.4000E+00
             53                  9                  3         4.2500E+00
