  #Crystal Size      Water Content              Count               Bias
             30                 17                  1         8.4500E+00
             30                 18                  1         9.7000E+00
             30                 20                  2         1.2500E+01
             30                 23                  1         1.7450E+01
             31                 16                  4         6.8500E+00
             31                 17                  9         8.0000E+00
             31                 18                 11         9.2500E+00
             31                 19                 10         1.0600E+01
             31                 20                 26         1.2050E+01
             31                 21                 10         1.3600E+01
             31                 23                  4         1.7000E+01
             32                 13                  1         3.6500E+00
             32                 14                  1         4.5000E+00
             32                 15                  9         5.4500E+00
             32                 16                 48         6.5000E+00
             32                 17                 37         7.6500E+00
             32                 18                 91         8.9000E+00
             32                 19                160         1.0250E+01
             32                 20                166         1.1700E+01
             32                 21                 70         1.3250E+01
             32                 22                 20         1.4900E+01
             32                 23                 25         1.6650E+01
             33                 13                  6         3.4000E+00
             33                 14                 20         4.2500E+00
             33                 15                 96         5.2000E+00
             33                 16                168         6.2500E+00
             33                 17                253         7.4000E+00
             33                 18                562         8.6500E+00
             33                 19                841         1.0000E+01
             33                 20                762         1.1450E+01
             33                 21                408         1.3000E+01
             33                 22                168         1.4650E+01
             33                 23                 27         1.6400E+01
             33                 24                  4         1.8250E+01
             34                 13                  4         3.2500E+00
             34                 14                 34         4.1000E+00
             34                 15                284         5.0500E+00
             34                 16                591         6.1000E+00
             34                 17               1299         7.2500E+00
             34                 18               2412         8.5000E+00
             34                 19               3449         9.8500E+00
             34                 20               2815         1.1300E+01
             34                 21               1818         1.2850E+01
             34                 22                602         1.4500E+01
             34                 23                145         1.6250E+01
             34                 24                 30         1.8100E+01
             34                 25                  6         2.0050E+01
             34                 26                  1         2.2100E+01
             34                 27                  1         2.4250E+01
             35                 13                 17         3.2000E+00
             35                 14                 66         4.0500E+00
             35                 15                589         5.0000E+00
             35                 16               1875         6.0500E+00
             35                 17               4064         7.2000E+00
             35                 18               7539         8.4500E+00
             35                 19              10675         9.8000E+00
             35                 20               9738         1.1250E+01
             35                 21               5589         1.2800E+01
             35                 22               2307         1.4450E+01
             35                 23                532         1.6200E+01
             35                 24                138         1.8050E+01
             35                 25                 34         2.0000E+01
             35                 26                  9         2.2050E+01
             35                 27                  1         2.4200E+01
             36                 13                 15         3.2500E+00
             36                 14                183         4.1000E+00
             36                 15               1139         5.0500E+00
             36                 16               4084         6.1000E+00
             36                 17               9927         7.2500E+00
             36                 18              18941         8.5000E+00
             36                 19              24780         9.8500E+00
             36                 20              21577         1.1300E+01
             36                 21              12930         1.2850E+01
             36                 22               5222         1.4500E+01
             36                 23               1367         1.6250E+01
             36                 24                345         1.8100E+01
             36                 25                 85         2.0050E+01
             36                 26                 14         2.2100E+01
             37                 12                  3         2.6500E+00
             37                 13                 46         3.4000E+00
             37                 14                268         4.2500E+00
             37                 15               1773         5.2000E+00
             37                 16               6697         6.2500E+00
             37                 17              18227         7.4000E+00
             37                 18              33744         8.6500E+00
             37                 19              43963         1.0000E+01
             37                 20              36174         1.1450E+01
             37                 21              21643         1.3000E+01
             37                 22               9241         1.4650E+01
             37                 23               2678         1.6400E+01
             37                 24                667         1.8250E+01
             37                 25                133         2.0200E+01
             37                 26                 18         2.2250E+01
             37                 27                  3         2.4400E+01
             38                 13                 35         3.6500E+00
             38                 14                328         4.5000E+00
             38                 15               2057         5.4500E+00
             38                 16               9020         6.5000E+00
             38                 17              24366         7.6500E+00
             38                 18              42550         8.9000E+00
             38                 19              54958         1.0250E+01
             38                 20              45806         1.1700E+01
             38                 21              26910         1.3250E+01
             38                 22              11533         1.4900E+01
             38                 23               3692         1.6650E+01
             38                 24                862         1.8500E+01
             38                 25                174         2.0450E+01
             38                 26                 46         2.2500E+01
             38                 27                  5         2.4650E+01
             39                 13                 43         4.0000E+00
             39                 14                292         4.8500E+00
             39                 15               2031         5.8000E+00
             39                 16               8712         6.8500E+00
             39                 17              23244         8.0000E+00
             39                 18              39522         9.2500E+00
             39                 19              49171         1.0600E+01
             39                 20              39617         1.2050E+01
             39                 21              24066         1.3600E+01
             39                 22              10219         1.5250E+01
             39                 23               3076         1.7000E+01
             39                 24                843         1.8850E+01
             39                 25                164         2.0800E+01
             39                 26                 49         2.2850E+01
             40                 13                  7         4.4500E+00
             40                 14                181         5.3000E+00
             40                 15               1467         6.2500E+00
             40                 16               6170         7.3000E+00
             40                 17              16550         8.4500E+00
             40                 18              26762         9.7000E+00
             40                 19              32551         1.1050E+01
             40                 20              25638         1.2500E+01
             40                 21              15013         1.4050E+01
             40                 22               6125         1.5700E+01
             40                 23               2004         1.7450E+01
             40                 24                677         1.9300E+01
             40                 25                145         2.1250E+01
             40                 26                 12         2.3300E+01
             41                 13                 15         5.0000E+00
             41                 14                155         5.8500E+00
             41                 15                842         6.8000E+00
             41                 16               3422         7.8500E+00
             41                 17               8676         9.0000E+00
             41                 18              14488         1.0250E+01
             41                 19              15654         1.1600E+01
             41                 20              12442         1.3050E+01
             41                 21               7265         1.4600E+01
             41                 22               2845         1.6250E+01
             41                 23                976         1.8000E+01
             41                 24                238         1.9850E+01
             41                 25                 79         2.1800E+01
             41                 26                  7         2.3850E+01
             42                 13                 17         5.6500E+00
             42                 14                 75         6.5000E+00
             42                 15                310         7.4500E+00
             42                 16               1429         8.5000E+00
             42                 17               3523         9.6500E+00
             42                 18               6276         1.0900E+01
             42                 19               6124         1.2250E+01
             42                 20               4671         1.3700E+01
             42                 21               2866         1.5250E+01
             42                 22               1038         1.6900E+01
             42                 23                407         1.8650E+01
             42                 24                 75         2.0500E+01
             42                 25                 39         2.2450E+01
             42                 26                  4         2.4500E+01
             43                 13                  1         6.4000E+00
             43                 14                 32         7.2500E+00
             43                 15                130         8.2000E+00
             43                 16                494         9.2500E+00
             43                 17               1131         1.0400E+01
             43                 18               2197         1.1650E+01
             43                 19               2354         1.3000E+01
             43                 20               1759         1.4450E+01
             43                 21                720         1.6000E+01
             43                 22                339         1.7650E+01
             43                 23                100         1.9400E+01
             43                 24                 20         2.1250E+01
             43                 25                  1         2.3200E+01
             44                 14                  7         8.1000E+00
             44                 15                 62         9.0500E+00
             44                 16                158         1.0100E+01
             44                 17                449         1.1250E+01
             44                 18                673         1.2500E+01
             44                 19                611         1.3850E+01
             44                 20                569         1.5300E+01
             44                 21                181         1.6850E+01
             44                 22                 95         1.8500E+01
             44                 23                 12         2.0250E+01
             45                 15                 11         1.0000E+01
             45                 16                 47         1.1050E+01
             45                 17                 87         1.2200E+01
             45                 18                150         1.3450E+01
             45                 19                136         1.4800E+01
             45                 20                100         1.6250E+01
             45                 21                 50         1.7800E+01
             45                 22                 31         1.9450E+01
             45                 23                  3         2.1200E+01
             46                 16                  5         1.2100E+01
             46                 17                  7         1.3250E+01
             46                 18                 17         1.4500E+01
             46                 19                 21         1.5850E+01
             46                 20                 11         1.7300E+01
             46                 21                  3         1.8850E+01
             46                 22                  2         2.0500E+01
