  #Crystal Size      Water Content              Count               Bias
             29                 10                  1         1.3050E+01
             29                 11                  2         1.4600E+01
             29                 12                  8         1.6250E+01
             30                 10                  2         1.2500E+01
             30                 11                 32         1.4050E+01
             30                 12                 41         1.5700E+01
             30                 13                  8         1.7450E+01
             30                 14                  2         1.9300E+01
             30                 15                  6         2.1250E+01
             30                 16                  4         2.3300E+01
             30                 17                  1         2.5450E+01
             30                 18                  1         2.7700E+01
             30                 19                  4         3.0050E+01
             31                  9                  1         1.0600E+01
             31                 10                 26         1.2050E+01
             31                 11                 93         1.3600E+01
             31                 12                134         1.5250E+01
             31                 13                 72         1.7000E+01
             31                 14                 20         1.8850E+01
             31                 15                 12         2.0800E+01
             31                 16                 25         2.2850E+01
             31                 17                 40         2.5000E+01
             31                 18                 50         2.7250E+01
             31                 19                 28         2.9600E+01
             31                 20                  1         3.2050E+01
             32                  9                 18         1.0250E+01
             32                 10                 88         1.1700E+01
             32                 11                396         1.3250E+01
             32                 12                556         1.4900E+01
             32                 13                365         1.6650E+01
             32                 14                226         1.8500E+01
             32                 15                102         2.0450E+01
             32                 16                141         2.2500E+01
             32                 17                174         2.4650E+01
             32                 18                192         2.6900E+01
             32                 19                 71         2.9250E+01
             32                 20                 12         3.1700E+01
             33                  8                 20         8.6500E+00
             33                  9                 79         1.0000E+01
             33                 10                465         1.1450E+01
             33                 11               1335         1.3000E+01
             33                 12               1682         1.4650E+01
             33                 13               1294         1.6400E+01
             33                 14                956         1.8250E+01
             33                 15                800         2.0200E+01
             33                 16                678         2.2250E+01
             33                 17                816         2.4400E+01
             33                 18                531         2.6650E+01
             33                 19                244         2.9000E+01
             33                 20                 56         3.1450E+01
             33                 21                  1         3.4000E+01
             34                  8                 73         8.5000E+00
             34                  9                295         9.8500E+00
             34                 10               1228         1.1300E+01
             34                 11               3218         1.2850E+01
             34                 12               4873         1.4500E+01
             34                 13               4346         1.6250E+01
             34                 14               3721         1.8100E+01
             34                 15               2731         2.0050E+01
             34                 16               2437         2.2100E+01
             34                 17               1904         2.4250E+01
             34                 18               1174         2.6500E+01
             34                 19                536         2.8850E+01
             34                 20                190         3.1300E+01
             34                 21                  1         3.3850E+01
             34                 22                  2         3.6500E+01
             35                  7                  2         7.2000E+00
             35                  8                230         8.4500E+00
             35                  9                828         9.8000E+00
             35                 10               3238         1.1250E+01
             35                 11               7752         1.2800E+01
             35                 12              11760         1.4450E+01
             35                 13              12115         1.6200E+01
             35                 14               9934         1.8050E+01
             35                 15               7310         2.0000E+01
             35                 16               5513         2.2050E+01
             35                 17               3734         2.4200E+01
             35                 18               1621         2.6450E+01
             35                 19                622         2.8800E+01
             35                 20                141         3.1250E+01
             35                 21                 22         3.3800E+01
             35                 22                  2         3.6450E+01
             35                 23                  1         3.9200E+01
             36                  6                  6         6.1000E+00
             36                  7                 22         7.2500E+00
             36                  8                417         8.5000E+00
             36                  9               2028         9.8500E+00
             36                 10               6808         1.1300E+01
             36                 11              15090         1.2850E+01
             36                 12              22714         1.4500E+01
             36                 13              24109         1.6250E+01
             36                 14              20422         1.8100E+01
             36                 15              14170         2.0050E+01
             36                 16              10187         2.2100E+01
             36                 17               5032         2.4250E+01
             36                 18               1923         2.6500E+01
             36                 19                503         2.8850E+01
             36                 20                 89         3.1300E+01
             36                 21                 18         3.3850E+01
             36                 22                  1         3.6500E+01
             37                  6                 12         6.2500E+00
             37                  7                 84         7.4000E+00
             37                  8                715         8.6500E+00
             37                  9               3245         1.0000E+01
             37                 10              11516         1.1450E+01
             37                 11              25031         1.3000E+01
             37                 12              35950         1.4650E+01
             37                 13              38786         1.6400E+01
             37                 14              32093         1.8250E+01
             37                 15              21549         2.0200E+01
             37                 16              12441         2.2250E+01
             37                 17               5101         2.4400E+01
             37                 18               1622         2.6650E+01
             37                 19                368         2.9000E+01
             37                 20                 35         3.1450E+01
             37                 21                  1         3.4000E+01
             38                  6                 16         6.5000E+00
             38                  7                 93         7.6500E+00
             38                  8                942         8.9000E+00
             38                  9               3766         1.0250E+01
             38                 10              14619         1.1700E+01
             38                 11              32045         1.3250E+01
             38                 12              44503         1.4900E+01
             38                 13              46168         1.6650E+01
             38                 14              38256         1.8500E+01
             38                 15              23957         2.0450E+01
             38                 16              12211         2.2500E+01
             38                 17               4210         2.4650E+01
             38                 18                991         2.6900E+01
             38                 19                161         2.9250E+01
             38                 20                  6         3.1700E+01
             39                  6                 16         6.8500E+00
             39                  7                 99         8.0000E+00
             39                  8                801         9.2500E+00
             39                  9               3715         1.0600E+01
             39                 10              13796         1.2050E+01
             39                 11              29481         1.3600E+01
             39                 12              40544         1.5250E+01
             39                 13              40033         1.7000E+01
             39                 14              31091         1.8850E+01
             39                 15              18095         2.0800E+01
             39                 16               8036         2.2850E+01
             39                 17               2380         2.5000E+01
             39                 18                422         2.7250E+01
             39                 19                 71         2.9600E+01
             39                 20                  5         3.2050E+01
             40                  6                  3         7.3000E+00
             40                  7                 40         8.4500E+00
             40                  8                487         9.7000E+00
             40                  9               2428         1.1050E+01
             40                 10               8844         1.2500E+01
             40                 11              20052         1.4050E+01
             40                 12              25737         1.5700E+01
             40                 13              23817         1.7450E+01
             40                 14              18683         1.9300E+01
             40                 15               9815         2.1250E+01
             40                 16               3808         2.3300E+01
             40                 17                862         2.5450E+01
             40                 18                140         2.7700E+01
             40                 19                 25         3.0050E+01
             40                 20                 14         3.2500E+01
             41                  7                 11         9.0000E+00
             41                  8                152         1.0250E+01
             41                  9               1071         1.1600E+01
             41                 10               4029         1.3050E+01
             41                 11               8014         1.4600E+01
             41                 12              10803         1.6250E+01
             41                 13               9548         1.8000E+01
             41                 14               7050         1.9850E+01
             41                 15               3844         2.1800E+01
             41                 16               1306         2.3850E+01
             41                 17                329         2.6000E+01
             41                 18                 35         2.8250E+01
             41                 19                  4         3.0600E+01
             42                  8                 32         1.0900E+01
             42                  9                260         1.2250E+01
             42                 10               1070         1.3700E+01
             42                 11               2116         1.5250E+01
             42                 12               2607         1.6900E+01
             42                 13               2489         1.8650E+01
             42                 14               1499         2.0500E+01
             42                 15                921         2.2450E+01
             42                 16                194         2.4500E+01
             42                 17                 32         2.6650E+01
             42                 18                  2         2.8900E+01
             43                  9                 20         1.3000E+01
             43                 10                 99         1.4450E+01
             43                 11                327         1.6000E+01
             43                 12                464         1.7650E+01
             43                 13                354         1.9400E+01
             43                 14                222         2.1250E+01
             43                 15                122         2.3200E+01
             43                 16                 21         2.5250E+01
             44                 10                  9         1.5300E+01
             44                 11                 30         1.6850E+01
             44                 12                 16         1.8500E+01
             44                 13                 25         2.0250E+01
             44                 14                 23         2.2100E+01
             44                 15                  9         2.4050E+01
             45                 12                  1         1.9450E+01
             45                 13                  1         2.1200E+01
             45                 14                  1         2.3050E+01
