  #Crystal Size      Water Content              Count               Bias
             26                 16                  1         2.2850E+01
             26                 17                  2         2.5000E+01
             27                 12                  1         1.4900E+01
             27                 13                  2         1.6650E+01
             27                 14                  2         1.8500E+01
             27                 15                  7         2.0450E+01
             27                 16                 19         2.2500E+01
             27                 17                 10         2.4650E+01
             27                 18                 12         2.6900E+01
             27                 19                  2         2.9250E+01
             28                 11                  6         1.3000E+01
             28                 12                 18         1.4650E+01
             28                 13                 27         1.6400E+01
             28                 14                 25         1.8250E+01
             28                 15                 91         2.0200E+01
             28                 16                 83         2.2250E+01
             28                 17                152         2.4400E+01
             28                 18                112         2.6650E+01
             28                 19                 45         2.9000E+01
             28                 20                  6         3.1450E+01
             28                 21                  2         3.4000E+01
             29                 11                 18         1.2850E+01
             29                 12                 82         1.4500E+01
             29                 13                178         1.6250E+01
             29                 14                279         1.8100E+01
             29                 15                302         2.0050E+01
             29                 16                455         2.2100E+01
             29                 17                657         2.4250E+01
             29                 18                524         2.6500E+01
             29                 19                227         2.8850E+01
             29                 20                 64         3.1300E+01
             29                 21                 14         3.3850E+01
             29                 22                  1         3.6500E+01
             30                 10                 10         1.1250E+01
             30                 11                 73         1.2800E+01
             30                 12                317         1.4450E+01
             30                 13                699         1.6200E+01
             30                 14               1102         1.8050E+01
             30                 15               1646         2.0000E+01
             30                 16               2257         2.2050E+01
             30                 17               2395         2.4200E+01
             30                 18               1809         2.6450E+01
             30                 19                943         2.8800E+01
             30                 20                227         3.1250E+01
             30                 21                100         3.3800E+01
             30                 22                  9         3.6450E+01
             31                  9                 11         9.8500E+00
             31                 10                 48         1.1300E+01
             31                 11                344         1.2850E+01
             31                 12               1233         1.4500E+01
             31                 13               2551         1.6250E+01
             31                 14               4014         1.8100E+01
             31                 15               5646         2.0050E+01
             31                 16               6871         2.2100E+01
             31                 17               6572         2.4250E+01
             31                 18               4896         2.6500E+01
             31                 19               2362         2.8850E+01
             31                 20                764         3.1300E+01
             31                 21                283         3.3850E+01
             31                 22                 31         3.6500E+01
             32                  9                 14         1.0000E+01
             32                 10                178         1.1450E+01
             32                 11                959         1.3000E+01
             32                 12               3092         1.4650E+01
             32                 13               6649         1.6400E+01
             32                 14              10224         1.8250E+01
             32                 15              14321         2.0200E+01
             32                 16              16275         2.2250E+01
             32                 17              15629         2.4400E+01
             32                 18              11428         2.6650E+01
             32                 19               5671         2.9000E+01
             32                 20               1903         3.1450E+01
             32                 21                598         3.4000E+01
             32                 22                 79         3.6650E+01
             32                 23                  6         3.9400E+01
             33                  8                 10         8.9000E+00
             33                  9                 66         1.0250E+01
             33                 10                491         1.1700E+01
             33                 11               2371         1.3250E+01
             33                 12               6298         1.4900E+01
             33                 13              13244         1.6650E+01
             33                 14              20004         1.8500E+01
             33                 15              25135         2.0450E+01
             33                 16              27939         2.2500E+01
             33                 17              25933         2.4650E+01
             33                 18              19561         2.6900E+01
             33                 19               9776         2.9250E+01
             33                 20               3804         3.1700E+01
             33                 21                945         3.4250E+01
             33                 22                127         3.6900E+01
             33                 23                  4         3.9650E+01
             34                  9                114         1.0600E+01
             34                 10               1039         1.2050E+01
             34                 11               3918         1.3600E+01
             34                 12              10499         1.5250E+01
             34                 13              19228         1.7000E+01
             34                 14              27466         1.8850E+01
             34                 15              34645         2.0800E+01
             34                 16              35802         2.2850E+01
             34                 17              33292         2.5000E+01
             34                 18              24367         2.7250E+01
             34                 19              13153         2.9600E+01
             34                 20               4574         3.2050E+01
             34                 21               1065         3.4600E+01
             34                 22                175         3.7250E+01
             34                 23                  3         4.0000E+01
             35                  8                  6         9.7000E+00
             35                  9                186         1.1050E+01
             35                 10               1321         1.2500E+01
             35                 11               5780         1.4050E+01
             35                 12              13322         1.5700E+01
             35                 13              21117         1.7450E+01
             35                 14              29987         1.9300E+01
             35                 15              34493         2.1250E+01
             35                 16              35277         2.3300E+01
             35                 17              31583         2.5450E+01
             35                 18              22033         2.7700E+01
             35                 19              12382         3.0050E+01
             35                 20               4136         3.2500E+01
             35                 21                869         3.5050E+01
             35                 22                109         3.7700E+01
             35                 23                 15         4.0450E+01
             36                  8                  7         1.0250E+01
             36                  9                199         1.1600E+01
             36                 10               1538         1.3050E+01
             36                 11               6185         1.4600E+01
             36                 12              11932         1.6250E+01
             36                 13              18299         1.8000E+01
             36                 14              22496         1.9850E+01
             36                 15              25522         2.1800E+01
             36                 16              24795         2.3850E+01
             36                 17              21512         2.6000E+01
             36                 18              14267         2.8250E+01
             36                 19               7441         3.0600E+01
             36                 20               2340         3.3050E+01
             36                 21                505         3.5600E+01
             36                 22                 80         3.8250E+01
             36                 23                  4         4.1000E+01
             37                  8                  2         1.0900E+01
             37                  9                231         1.2250E+01
             37                 10               1772         1.3700E+01
             37                 11               5143         1.5250E+01
             37                 12               8443         1.6900E+01
             37                 13              11743         1.8650E+01
             37                 14              12436         2.0500E+01
             37                 15              12679         2.2450E+01
             37                 16              11514         2.4500E+01
             37                 17               9403         2.6650E+01
             37                 18               5680         2.8900E+01
             37                 19               2801         3.1250E+01
             37                 20                967         3.3700E+01
             37                 21                151         3.6250E+01
             37                 22                 17         3.8900E+01
             38                  8                  3         1.1650E+01
             38                  9                132         1.3000E+01
             38                 10               1006         1.4450E+01
             38                 11               2812         1.6000E+01
             38                 12               4691         1.7650E+01
             38                 13               5648         1.9400E+01
             38                 14               5389         2.1250E+01
             38                 15               4185         2.3200E+01
             38                 16               3550         2.5250E+01
             38                 17               2657         2.7400E+01
             38                 18               1468         2.9650E+01
             38                 19                641         3.2000E+01
             38                 20                116         3.4450E+01
             38                 21                 36         3.7000E+01
             38                 22                  8         3.9650E+01
             39                  8                 10         1.2500E+01
             39                  9                 54         1.3850E+01
             39                 10                332         1.5300E+01
             39                 11               1087         1.6850E+01
             39                 12               1575         1.8500E+01
             39                 13               2099         2.0250E+01
             39                 14               1730         2.2100E+01
             39                 15               1109         2.4050E+01
             39                 16                718         2.6100E+01
             39                 17                504         2.8250E+01
             39                 18                272         3.0500E+01
             39                 19                 89         3.2850E+01
             39                 20                 23         3.5300E+01
             39                 21                  6         3.7850E+01
             40                  8                  6         1.3450E+01
             40                  9                  4         1.4800E+01
             40                 10                108         1.6250E+01
             40                 11                250         1.7800E+01
             40                 12                387         1.9450E+01
             40                 13                549         2.1200E+01
             40                 14                462         2.3050E+01
             40                 15                170         2.5000E+01
             40                 16                114         2.7050E+01
             40                 17                 72         2.9200E+01
             40                 18                 28         3.1450E+01
             40                 19                 22         3.3800E+01
             41                  8                  3         1.4500E+01
             41                 10                  1         1.7300E+01
             41                 11                 59         1.8850E+01
             41                 12                124         2.0500E+01
             41                 13                 94         2.2250E+01
             41                 14                105         2.4100E+01
             41                 15                 15         2.6050E+01
             41                 16                  3         2.8100E+01
             41                 17                  5         3.0250E+01
             41                 18                  2         3.2500E+01
             42                 11                  9         2.0000E+01
             42                 12                 17         2.1650E+01
             42                 13                  1         2.3400E+01
             42                 14                  3         2.5250E+01
             43                 12                  4         2.2900E+01
