  #Crystal Size      Water Content              Count               Bias
             18                 23                  1         1.0900E+01
             19                 23                  1         1.0250E+01
             20                 20                  5         6.2500E+00
             20                 21                  3         7.3000E+00
             20                 22                  1         8.4500E+00
             20                 23                  2         9.7000E+00
             21                 19                  2         4.8500E+00
             21                 20                 17         5.8000E+00
             21                 21                 38         6.8500E+00
             21                 22                 41         8.0000E+00
             21                 23                 21         9.2500E+00
             21                 24                  3         1.0600E+01
             22                 18                 13         3.6500E+00
             22                 19                 20         4.5000E+00
             22                 20                133         5.4500E+00
             22                 21                208         6.5000E+00
             22                 22                249         7.6500E+00
             22                 23                174         8.9000E+00
             22                 24                 54         1.0250E+01
             22                 25                  9         1.1700E+01
             22                 26                  3         1.3250E+01
             23                 16                  1         2.0000E+00
             23                 17                  1         2.6500E+00
             23                 18                 30         3.4000E+00
             23                 19                171         4.2500E+00
             23                 20                435         5.2000E+00
             23                 21                849         6.2500E+00
             23                 22               1013         7.4000E+00
             23                 23                573         8.6500E+00
             23                 24                332         1.0000E+01
             23                 25                 63         1.1450E+01
             23                 26                  4         1.3000E+01
             24                 15                  3         1.3000E+00
             24                 16                  4         1.8500E+00
             24                 17                 40         2.5000E+00
             24                 18                142         3.2500E+00
             24                 19                453         4.1000E+00
             24                 20               1356         5.0500E+00
             24                 21               2557         6.1000E+00
             24                 22               2941         7.2500E+00
             24                 23               2147         8.5000E+00
             24                 24                935         9.8500E+00
             24                 25                276         1.1300E+01
             24                 26                 44         1.2850E+01
             24                 27                  1         1.4500E+01
             24                 28                  1         1.6250E+01
             25                 15                  2         1.2500E+00
             25                 16                 26         1.8000E+00
             25                 17                143         2.4500E+00
             25                 18                502         3.2000E+00
             25                 19               1373         4.0500E+00
             25                 20               3656         5.0000E+00
             25                 21               6953         6.0500E+00
             25                 22               7946         7.2000E+00
             25                 23               5478         8.4500E+00
             25                 24               2544         9.8000E+00
             25                 25                835         1.1250E+01
             25                 26                158         1.2800E+01
             25                 27                 16         1.4450E+01
             25                 28                  3         1.6200E+01
             26                 15                 20         1.3000E+00
             26                 16                 48         1.8500E+00
             26                 17                294         2.5000E+00
             26                 18               1217         3.2500E+00
             26                 19               3418         4.1000E+00
             26                 20               8533         5.0500E+00
             26                 21              14567         6.1000E+00
             26                 22              15869         7.2500E+00
             26                 23              12101         8.5000E+00
             26                 24               5893         9.8500E+00
             26                 25               1843         1.1300E+01
             26                 26                499         1.2850E+01
             26                 27                 68         1.4500E+01
             26                 28                  6         1.6250E+01
             27                 14                  1         1.0000E+00
             27                 15                 51         1.4500E+00
             27                 16                151         2.0000E+00
             27                 17                591         2.6500E+00
             27                 18               1978         3.4000E+00
             27                 19               6094         4.2500E+00
             27                 20              14774         5.2000E+00
             27                 21              25165         6.2500E+00
             27                 22              26888         7.4000E+00
             27                 23              20111         8.6500E+00
             27                 24              10217         1.0000E+01
             27                 25               3749         1.1450E+01
             27                 26               1091         1.3000E+01
             27                 27                183         1.4650E+01
             27                 28                 14         1.6400E+01
             28                 14                  5         1.2500E+00
             28                 15                 76         1.7000E+00
             28                 16                264         2.2500E+00
             28                 17                818         2.9000E+00
             28                 18               2895         3.6500E+00
             28                 19               8210         4.5000E+00
             28                 20              19241         5.4500E+00
             28                 21              32772         6.5000E+00
             28                 22              34780         7.6500E+00
             28                 23              27328         8.9000E+00
             28                 24              14776         1.0250E+01
             28                 25               6045         1.1700E+01
             28                 26               1628         1.3250E+01
             28                 27                344         1.4900E+01
             28                 28                 77         1.6650E+01
             28                 29                  2         1.8500E+01
             29                 14                 12         1.6000E+00
             29                 15                106         2.0500E+00
             29                 16                271         2.6000E+00
             29                 17                814         3.2500E+00
             29                 18               2946         4.0000E+00
             29                 19               8107         4.8500E+00
             29                 20              19686         5.8000E+00
             29                 21              31742         6.8500E+00
             29                 22              36196         8.0000E+00
             29                 23              30176         9.2500E+00
             29                 24              16935         1.0600E+01
             29                 25               7206         1.2050E+01
             29                 26               2085         1.3600E+01
             29                 27                434         1.5250E+01
             29                 28                 59         1.7000E+01
             29                 29                  5         1.8850E+01
             30                 14                 10         2.0500E+00
             30                 15                 87         2.5000E+00
             30                 16                241         3.0500E+00
             30                 17                719         3.7000E+00
             30                 18               2254         4.4500E+00
             30                 19               6914         5.3000E+00
             30                 20              15535         6.2500E+00
             30                 21              25566         7.3000E+00
             30                 22              32391         8.4500E+00
             30                 23              28532         9.7000E+00
             30                 24              17145         1.1050E+01
             30                 25               7335         1.2500E+01
             30                 26               2350         1.4050E+01
             30                 27                570         1.5700E+01
             30                 28                116         1.7450E+01
             30                 29                  9         1.9300E+01
             31                 13                  2         2.2500E+00
             31                 14                 21         2.6000E+00
             31                 15                 40         3.0500E+00
             31                 16                149         3.6000E+00
             31                 17                493         4.2500E+00
             31                 18               1606         5.0000E+00
             31                 19               4598         5.8500E+00
             31                 20              10721         6.8000E+00
             31                 21              19180         7.8500E+00
             31                 22              25703         9.0000E+00
             31                 23              25271         1.0250E+01
             31                 24              16523         1.1600E+01
             31                 25               7129         1.3050E+01
             31                 26               2306         1.4600E+01
             31                 27                626         1.6250E+01
             31                 28                116         1.8000E+01
             31                 29                 23         1.9850E+01
             32                 13                  2         2.9000E+00
             32                 14                  3         3.2500E+00
             32                 15                 30         3.7000E+00
             32                 16                 71         4.2500E+00
             32                 17                285         4.9000E+00
             32                 18                938         5.6500E+00
             32                 19               2398         6.5000E+00
             32                 20               6362         7.4500E+00
             32                 21              12972         8.5000E+00
             32                 22              20712         9.6500E+00
             32                 23              21658         1.0900E+01
             32                 24              15268         1.2250E+01
             32                 25               6736         1.3700E+01
             32                 26               2169         1.5250E+01
             32                 27                638         1.6900E+01
             32                 28                148         1.8650E+01
             32                 29                  9         2.0500E+01
             33                 15                  3         4.4500E+00
             33                 16                 32         5.0000E+00
             33                 17                125         5.6500E+00
             33                 18                435         6.4000E+00
             33                 19               1275         7.2500E+00
             33                 20               3529         8.2000E+00
             33                 21               8485         9.2500E+00
             33                 22              14591         1.0400E+01
             33                 23              16616         1.1650E+01
             33                 24              12062         1.3000E+01
             33                 25               6142         1.4450E+01
             33                 26               2080         1.6000E+01
             33                 27                502         1.7650E+01
             33                 28                 83         1.9400E+01
             33                 29                 14         2.1250E+01
             34                 15                  1         5.3000E+00
             34                 16                 11         5.8500E+00
             34                 17                 51         6.5000E+00
             34                 18                159         7.2500E+00
             34                 19                478         8.1000E+00
             34                 20               1667         9.0500E+00
             34                 21               4122         1.0100E+01
             34                 22               8199         1.1250E+01
             34                 23              10656         1.2500E+01
             34                 24               8069         1.3850E+01
             34                 25               3862         1.5300E+01
             34                 26               1229         1.6850E+01
             34                 27                206         1.8500E+01
             34                 28                 38         2.0250E+01
             34                 29                 14         2.2100E+01
             35                 17                  3         7.4500E+00
             35                 18                 19         8.2000E+00
             35                 19                132         9.0500E+00
             35                 20                707         1.0000E+01
             35                 21               1824         1.1050E+01
             35                 22               3506         1.2200E+01
             35                 23               4405         1.3450E+01
             35                 24               3864         1.4800E+01
             35                 25               1967         1.6250E+01
             35                 26                527         1.7800E+01
             35                 27                 75         1.9450E+01
             35                 28                 13         2.1200E+01
             35                 29                  7         2.3050E+01
             36                 18                  2         9.2500E+00
             36                 19                 34         1.0100E+01
             36                 20                136         1.1050E+01
             36                 21                510         1.2100E+01
             36                 22               1169         1.3250E+01
             36                 23               1404         1.4500E+01
             36                 24               1226         1.5850E+01
             36                 25                651         1.7300E+01
             36                 26                208         1.8850E+01
             36                 27                 28         2.0500E+01
             36                 28                  5         2.2250E+01
             36                 29                  1         2.4100E+01
             37                 20                 14         1.2200E+01
             37                 21                116         1.3250E+01
             37                 22                283         1.4400E+01
             37                 23                424         1.5650E+01
             37                 24                373         1.7000E+01
             37                 25                 93         1.8450E+01
             37                 26                 24         2.0000E+01
             38                 20                  2         1.3450E+01
             38                 21                  9         1.4500E+01
             38                 22                 62         1.5650E+01
             38                 23                143         1.6900E+01
             38                 24                 82         1.8250E+01
             38                 25                 21         1.9700E+01
             38                 26                  2         2.1250E+01
             39                 23                 28         1.8250E+01
             39                 24                  2         1.9600E+01
             39                 25                  2         2.1050E+01
             41                 23                  1         2.1250E+01
