  #Crystal Size      Water Content              Count               Bias
             27                 18                  1         3.6500E+00
             27                 20                  9         5.4500E+00
             27                 21                  9         6.5000E+00
             27                 23                  1         8.9000E+00
             28                 16                  1         2.0000E+00
             28                 17                  2         2.6500E+00
             28                 18                  5         3.4000E+00
             28                 19                 12         4.2500E+00
             28                 20                 67         5.2000E+00
             28                 21                 47         6.2500E+00
             28                 22                 35         7.4000E+00
             28                 23                 12         8.6500E+00
             28                 24                  8         1.0000E+01
             28                 25                  3         1.1450E+01
             29                 16                  1         1.8500E+00
             29                 17                  6         2.5000E+00
             29                 18                 12         3.2500E+00
             29                 19                 60         4.1000E+00
             29                 20                169         5.0500E+00
             29                 21                245         6.1000E+00
             29                 22                133         7.2500E+00
             29                 23                 68         8.5000E+00
             29                 24                 47         9.8500E+00
             29                 25                 27         1.1300E+01
             29                 26                  6         1.2850E+01
             30                 15                  6         1.2500E+00
             30                 16                  2         1.8000E+00
             30                 17                 25         2.4500E+00
             30                 18                 88         3.2000E+00
             30                 19                229         4.0500E+00
             30                 20                609         5.0000E+00
             30                 21               1105         6.0500E+00
             30                 22                741         7.2000E+00
             30                 23                492         8.4500E+00
             30                 24                330         9.8000E+00
             30                 25                197         1.1250E+01
             30                 26                 84         1.2800E+01
             30                 27                 11         1.4450E+01
             30                 28                  1         1.6200E+01
             31                 14                  1         8.5000E-01
             31                 15                 13         1.3000E+00
             31                 16                  6         1.8500E+00
             31                 17                 90         2.5000E+00
             31                 18                302         3.2500E+00
             31                 19                844         4.1000E+00
             31                 20               2112         5.0500E+00
             31                 21               3358         6.1000E+00
             31                 22               3354         7.2500E+00
             31                 23               2360         8.5000E+00
             31                 24               1447         9.8500E+00
             31                 25                883         1.1300E+01
             31                 26                283         1.2850E+01
             31                 27                 44         1.4500E+01
             31                 28                 18         1.6250E+01
             32                 14                  1         1.0000E+00
             32                 15                 16         1.4500E+00
             32                 16                 35         2.0000E+00
             32                 17                255         2.6500E+00
             32                 18                727         3.4000E+00
             32                 19               2355         4.2500E+00
             32                 20               5957         5.2000E+00
             32                 21               9260         6.2500E+00
             32                 22               9678         7.4000E+00
             32                 23               7020         8.6500E+00
             32                 24               4499         1.0000E+01
             32                 25               2435         1.1450E+01
             32                 26                865         1.3000E+01
             32                 27                228         1.4650E+01
             32                 28                 45         1.6400E+01
             32                 29                  5         1.8250E+01
             33                 15                 14         1.7000E+00
             33                 16                 71         2.2500E+00
             33                 17                361         2.9000E+00
             33                 18               1469         3.6500E+00
             33                 19               5068         4.5000E+00
             33                 20              13212         5.4500E+00
             33                 21              19897         6.5000E+00
             33                 22              21627         7.6500E+00
             33                 23              16615         8.9000E+00
             33                 24              10591         1.0250E+01
             33                 25               5235         1.1700E+01
             33                 26               1892         1.3250E+01
             33                 27                475         1.4900E+01
             33                 28                121         1.6650E+01
             33                 29                 17         1.8500E+01
             34                 15                  8         2.0500E+00
             34                 16                 57         2.6000E+00
             34                 17                562         3.2500E+00
             34                 18               2390         4.0000E+00
             34                 19               8534         4.8500E+00
             34                 20              21196         5.8000E+00
             34                 21              33279         6.8500E+00
             34                 22              37280         8.0000E+00
             34                 23              28957         9.2500E+00
             34                 24              18143         1.0600E+01
             34                 25               9120         1.2050E+01
             34                 26               3615         1.3600E+01
             34                 27               1015         1.5250E+01
             34                 28                223         1.7000E+01
             34                 29                 30         1.8850E+01
             34                 30                  7         2.0800E+01
             35                 15                  7         2.5000E+00
             35                 16                 43         3.0500E+00
             35                 17                567         3.7000E+00
             35                 18               2480         4.4500E+00
             35                 19              10162         5.3000E+00
             35                 20              25452         6.2500E+00
             35                 21              41271         7.3000E+00
             35                 22              46350         8.4500E+00
             35                 23              37886         9.7000E+00
             35                 24              24068         1.1050E+01
             35                 25              11890         1.2500E+01
             35                 26               4661         1.4050E+01
             35                 27               1399         1.5700E+01
             35                 28                255         1.7450E+01
             35                 29                 61         1.9300E+01
             35                 30                  4         2.1250E+01
             36                 16                 47         3.6000E+00
             36                 17                498         4.2500E+00
             36                 18               2353         5.0000E+00
             36                 19               9165         5.8500E+00
             36                 20              23833         6.8000E+00
             36                 21              40195         7.8500E+00
             36                 22              46118         9.0000E+00
             36                 23              38344         1.0250E+01
             36                 24              24425         1.1600E+01
             36                 25              12349         1.3050E+01
             36                 26               4794         1.4600E+01
             36                 27               1567         1.6250E+01
             36                 28                163         1.8000E+01
             36                 29                 33         1.9850E+01
             36                 30                  5         2.1800E+01
             37                 16                 51         4.2500E+00
             37                 17                360         4.9000E+00
             37                 18               1374         5.6500E+00
             37                 19               6401         6.5000E+00
             37                 20              16029         7.4500E+00
             37                 21              28315         8.5000E+00
             37                 22              34101         9.6500E+00
             37                 23              28941         1.0900E+01
             37                 24              18260         1.2250E+01
             37                 25               9510         1.3700E+01
             37                 26               4094         1.5250E+01
             37                 27               1382         1.6900E+01
             37                 28                139         1.8650E+01
             37                 29                 11         2.0500E+01
             38                 16                 26         5.0000E+00
             38                 17                166         5.6500E+00
             38                 18                681         6.4000E+00
             38                 19               3137         7.2500E+00
             38                 20               7777         8.2000E+00
             38                 21              14560         9.2500E+00
             38                 22              17663         1.0400E+01
             38                 23              15758         1.1650E+01
             38                 24              10346         1.3000E+01
             38                 25               5114         1.4450E+01
             38                 26               2215         1.6000E+01
             38                 27                883         1.7650E+01
             38                 28                165         1.9400E+01
             38                 29                  1         2.1250E+01
             39                 16                 13         5.8500E+00
             39                 17                 53         6.5000E+00
             39                 18                285         7.2500E+00
             39                 19               1053         8.1000E+00
             39                 20               2584         9.0500E+00
             39                 21               5152         1.0100E+01
             39                 22               6478         1.1250E+01
             39                 23               5871         1.2500E+01
             39                 24               4119         1.3850E+01
             39                 25               2051         1.5300E+01
             39                 26                829         1.6850E+01
             39                 27                322         1.8500E+01
             39                 28                 67         2.0250E+01
             39                 29                  2         2.2100E+01
             40                 17                  2         7.4500E+00
             40                 18                 50         8.2000E+00
             40                 19                238         9.0500E+00
             40                 20                647         1.0000E+01
             40                 21               1202         1.1050E+01
             40                 22               1512         1.2200E+01
             40                 23               1608         1.3450E+01
             40                 24               1168         1.4800E+01
             40                 25                623         1.6250E+01
             40                 26                240         1.7800E+01
             40                 27                 84         1.9450E+01
             40                 28                 22         2.1200E+01
             40                 29                  2         2.3050E+01
             41                 18                  3         9.2500E+00
             41                 19                 47         1.0100E+01
             41                 20                 66         1.1050E+01
             41                 21                216         1.2100E+01
             41                 22                250         1.3250E+01
             41                 23                219         1.4500E+01
             41                 24                161         1.5850E+01
             41                 25                152         1.7300E+01
             41                 26                 51         1.8850E+01
             41                 27                 38         2.0500E+01
             41                 28                  5         2.2250E+01
             42                 20                  5         1.2200E+01
             42                 21                  6         1.3250E+01
             42                 22                 42         1.4400E+01
             42                 23                 16         1.5650E+01
             42                 24                 29         1.7000E+01
             42                 25                 24         1.8450E+01
             42                 26                  3         2.0000E+01
             42                 27                  2         2.1650E+01
