  #Crystal Size      Water Content              Count               Bias
             16                 18                  1         1.2500E+01
             16                 19                  5         1.3850E+01
             16                 20                  4         1.5300E+01
             17                 16                  9         9.2500E+00
             17                 17                  7         1.0400E+01
             17                 18                 13         1.1650E+01
             17                 19                 22         1.3000E+01
             17                 20                  7         1.4450E+01
             17                 21                  2         1.6000E+01
             17                 22                  3         1.7650E+01
             18                 16                 11         8.5000E+00
             18                 17                 31         9.6500E+00
             18                 18                 85         1.0900E+01
             18                 19                 96         1.2250E+01
             18                 20                 58         1.3700E+01
             18                 21                 25         1.5250E+01
             18                 22                 15         1.6900E+01
             18                 23                 12         1.8650E+01
             18                 24                  3         2.0500E+01
             18                 25                  1         2.2450E+01
             19                 14                  1         5.8500E+00
             19                 16                 45         7.8500E+00
             19                 17                 79         9.0000E+00
             19                 18                222         1.0250E+01
             19                 19                320         1.1600E+01
             19                 20                219         1.3050E+01
             19                 21                124         1.4600E+01
             19                 22                 86         1.6250E+01
             19                 23                 64         1.8000E+01
             19                 24                 14         1.9850E+01
             19                 25                  1         2.1800E+01
             20                 14                  3         5.3000E+00
             20                 15                 15         6.2500E+00
             20                 16                 70         7.3000E+00
             20                 17                232         8.4500E+00
             20                 18                508         9.7000E+00
             20                 19                786         1.1050E+01
             20                 20                651         1.2500E+01
             20                 21                435         1.4050E+01
             20                 22                354         1.5700E+01
             20                 23                226         1.7450E+01
             20                 24                 61         1.9300E+01
             20                 25                 10         2.1250E+01
             21                 14                 11         4.8500E+00
             21                 15                 35         5.8000E+00
             21                 16                224         6.8500E+00
             21                 17                517         8.0000E+00
             21                 18               1193         9.2500E+00
             21                 19               1805         1.0600E+01
             21                 20               1678         1.2050E+01
             21                 21               1313         1.3600E+01
             21                 22                919         1.5250E+01
             21                 23                615         1.7000E+01
             21                 24                233         1.8850E+01
             21                 25                 51         2.0800E+01
             21                 26                 14         2.2850E+01
             21                 27                  4         2.5000E+01
             22                 13                  1         3.6500E+00
             22                 14                 24         4.5000E+00
             22                 15                114         5.4500E+00
             22                 16                427         6.5000E+00
             22                 17               1104         7.6500E+00
             22                 18               2294         8.9000E+00
             22                 19               3623         1.0250E+01
             22                 20               3449         1.1700E+01
             22                 21               2774         1.3250E+01
             22                 22               2225         1.4900E+01
             22                 23               1489         1.6650E+01
             22                 24                621         1.8500E+01
             22                 25                256         2.0450E+01
             22                 26                 88         2.2500E+01
             22                 27                 49         2.4650E+01
             22                 28                  4         2.6900E+01
             23                 13                  1         3.4000E+00
             23                 14                 48         4.2500E+00
             23                 15                290         5.2000E+00
             23                 16                797         6.2500E+00
             23                 17               2292         7.4000E+00
             23                 18               4406         8.6500E+00
             23                 19               6246         1.0000E+01
             23                 20               6532         1.1450E+01
             23                 21               5076         1.3000E+01
             23                 22               4407         1.4650E+01
             23                 23               3033         1.6400E+01
             23                 24               1663         1.8250E+01
             23                 25                732         2.0200E+01
             23                 26                285         2.2250E+01
             23                 27                134         2.4400E+01
             23                 28                 14         2.6650E+01
             24                 13                  3         3.2500E+00
             24                 14                117         4.1000E+00
             24                 15                520         5.0500E+00
             24                 16               1427         6.1000E+00
             24                 17               3171         7.2500E+00
             24                 18               6523         8.5000E+00
             24                 19               9957         9.8500E+00
             24                 20              10605         1.1300E+01
             24                 21               8569         1.2850E+01
             24                 22               7270         1.4500E+01
             24                 23               5415         1.6250E+01
             24                 24               3006         1.8100E+01
             24                 25               1419         2.0050E+01
             24                 26                592         2.2100E+01
             24                 27                240         2.4250E+01
             24                 28                 19         2.6500E+01
             25                 13                  4         3.2000E+00
             25                 14                175         4.0500E+00
             25                 15                837         5.0000E+00
             25                 16               1976         6.0500E+00
             25                 17               4441         7.2000E+00
             25                 18               8846         8.4500E+00
             25                 19              14096         9.8000E+00
             25                 20              15650         1.1250E+01
             25                 21              12963         1.2800E+01
             25                 22              10691         1.4450E+01
             25                 23               7991         1.6200E+01
             25                 24               4773         1.8050E+01
             25                 25               2454         2.0000E+01
             25                 26               1150         2.2050E+01
             25                 27                428         2.4200E+01
             25                 28                 48         2.6450E+01
             25                 29                  1         2.8800E+01
             26                 13                 16         3.2500E+00
             26                 14                195         4.1000E+00
             26                 15                842         5.0500E+00
             26                 16               2208         6.1000E+00
             26                 17               4574         7.2500E+00
             26                 18               9781         8.5000E+00
             26                 19              17359         9.8500E+00
             26                 20              19579         1.1300E+01
             26                 21              17342         1.2850E+01
             26                 22              14152         1.4500E+01
             26                 23              11699         1.6250E+01
             26                 24               7836         1.8100E+01
             26                 25               3750         2.0050E+01
             26                 26               1922         2.2100E+01
             26                 27                590         2.4250E+01
             26                 28                 62         2.6500E+01
             26                 29                  2         2.8850E+01
             27                 13                  4         3.4000E+00
             27                 14                163         4.2500E+00
             27                 15                731         5.2000E+00
             27                 16               1896         6.2500E+00
             27                 17               4485         7.4000E+00
             27                 18              10547         8.6500E+00
             27                 19              18254         1.0000E+01
             27                 20              22733         1.1450E+01
             27                 21              21119         1.3000E+01
             27                 22              18256         1.4650E+01
             27                 23              15142         1.6400E+01
             27                 24              10773         1.8250E+01
             27                 25               6014         2.0200E+01
             27                 26               2848         2.2250E+01
             27                 27                868         2.4400E+01
             27                 28                 64         2.6650E+01
             27                 29                  1         2.9000E+01
             28                 13                  3         3.6500E+00
             28                 14                 78         4.5000E+00
             28                 15                412         5.4500E+00
             28                 16               1395         6.5000E+00
             28                 17               3385         7.6500E+00
             28                 18               9457         8.9000E+00
             28                 19              17950         1.0250E+01
             28                 20              23287         1.1700E+01
             28                 21              22719         1.3250E+01
             28                 22              22167         1.4900E+01
             28                 23              19080         1.6650E+01
             28                 24              13854         1.8500E+01
             28                 25               7428         2.0450E+01
             28                 26               2954         2.2500E+01
             28                 27               1072         2.4650E+01
             28                 28                101         2.6900E+01
             28                 29                 22         2.9250E+01
             29                 14                  7         4.8500E+00
             29                 15                126         5.8000E+00
             29                 16                776         6.8500E+00
             29                 17               2751         8.0000E+00
             29                 18               7996         9.2500E+00
             29                 19              15533         1.0600E+01
             29                 20              19659         1.2050E+01
             29                 21              22101         1.3600E+01
             29                 22              22824         1.5250E+01
             29                 23              19971         1.7000E+01
             29                 24              14247         1.8850E+01
             29                 25               7638         2.0800E+01
             29                 26               2733         2.2850E+01
             29                 27                853         2.5000E+01
             29                 28                 88         2.7250E+01
             30                 15                 39         6.2500E+00
             30                 16                295         7.3000E+00
             30                 17               1411         8.4500E+00
             30                 18               4919         9.7000E+00
             30                 19              10418         1.1050E+01
             30                 20              14914         1.2500E+01
             30                 21              18720         1.4050E+01
             30                 22              20370         1.5700E+01
             30                 23              18117         1.7450E+01
             30                 24              12541         1.9300E+01
             30                 25               5892         2.1250E+01
             30                 26               2096         2.3300E+01
             30                 27                503         2.5450E+01
             30                 28                 59         2.7700E+01
             30                 29                  2         3.0050E+01
             31                 15                  8         6.8000E+00
             31                 16                145         7.8500E+00
             31                 17                658         9.0000E+00
             31                 18               2500         1.0250E+01
             31                 19               5389         1.1600E+01
             31                 20               9187         1.3050E+01
             31                 21              13215         1.4600E+01
             31                 22              16024         1.6250E+01
             31                 23              14106         1.8000E+01
             31                 24               8829         1.9850E+01
             31                 25               3524         2.1800E+01
             31                 26               1201         2.3850E+01
             31                 27                329         2.6000E+01
             31                 28                 55         2.8250E+01
             31                 29                  3         3.0600E+01
             32                 16                 63         8.5000E+00
             32                 17                239         9.6500E+00
             32                 18                966         1.0900E+01
             32                 19               2439         1.2250E+01
             32                 20               4989         1.3700E+01
             32                 21               7848         1.5250E+01
             32                 22              10587         1.6900E+01
             32                 23               8615         1.8650E+01
             32                 24               4780         2.0500E+01
             32                 25               1939         2.2450E+01
             32                 26                533         2.4500E+01
             32                 27                162         2.6650E+01
             32                 28                 27         2.8900E+01
             33                 16                  5         9.2500E+00
             33                 17                 72         1.0400E+01
             33                 18                268         1.1650E+01
             33                 19                934         1.3000E+01
             33                 20               1937         1.4450E+01
             33                 21               4275         1.6000E+01
             33                 22               4943         1.7650E+01
             33                 23               4215         1.9400E+01
             33                 24               2365         2.1250E+01
             33                 25                978         2.3200E+01
             33                 26                221         2.5250E+01
             33                 27                 41         2.7400E+01
             34                 17                  4         1.1250E+01
             34                 18                 80         1.2500E+01
             34                 19                278         1.3850E+01
             34                 20                757         1.5300E+01
             34                 21               1685         1.6850E+01
             34                 22               1857         1.8500E+01
             34                 23               1596         2.0250E+01
             34                 24                784         2.2100E+01
             34                 25                250         2.4050E+01
             34                 26                 68         2.6100E+01
             34                 27                 13         2.8250E+01
             35                 18                 10         1.3450E+01
             35                 19                 46         1.4800E+01
             35                 20                149         1.6250E+01
             35                 21                419         1.7800E+01
             35                 22                335         1.9450E+01
             35                 23                402         2.1200E+01
             35                 24                195         2.3050E+01
             35                 25                 54         2.5000E+01
             35                 26                  8         2.7050E+01
             36                 19                  6         1.5850E+01
             36                 20                  8         1.7300E+01
             36                 21                 39         1.8850E+01
             36                 22                 40         2.0500E+01
             36                 23                 70         2.2250E+01
             36                 24                 23         2.4100E+01
             36                 25                  5         2.6050E+01
             36                 26                  1         2.8100E+01
             37                 19                  2         1.7000E+01
             37                 20                  1         1.8450E+01
             37                 24                  1         2.5250E+01
             37                 26                  7         2.9250E+01
