  #Crystal Size      Water Content              Count               Bias
             25                 16                  3         1.4050E+01
             25                 19                  2         1.9300E+01
             25                 20                  5         2.1250E+01
             25                 21                  2         2.3300E+01
             26                 16                  1         1.3600E+01
             26                 17                  3         1.5250E+01
             26                 18                 11         1.7000E+01
             26                 19                 26         1.8850E+01
             26                 20                  9         2.0800E+01
             26                 21                  6         2.2850E+01
             26                 22                  3         2.5000E+01
             26                 23                  2         2.7250E+01
             27                 15                  1         1.1700E+01
             27                 16                  5         1.3250E+01
             27                 17                 53         1.4900E+01
             27                 18                114         1.6650E+01
             27                 19                128         1.8500E+01
             27                 20                 93         2.0450E+01
             27                 21                 38         2.2500E+01
             27                 22                 23         2.4650E+01
             27                 23                  3         2.6900E+01
             27                 24                  2         2.9250E+01
             28                 15                 10         1.1450E+01
             28                 16                 69         1.3000E+01
             28                 17                176         1.4650E+01
             28                 18                468         1.6400E+01
             28                 19                520         1.8250E+01
             28                 20                371         2.0200E+01
             28                 21                195         2.2250E+01
             28                 22                 53         2.4400E+01
             28                 23                 13         2.6650E+01
             28                 24                 11         2.9000E+01
             29                 15                 26         1.1300E+01
             29                 16                226         1.2850E+01
             29                 17                697         1.4500E+01
             29                 18               1559         1.6250E+01
             29                 19               1934         1.8100E+01
             29                 20               1424         2.0050E+01
             29                 21                600         2.2100E+01
             29                 22                222         2.4250E+01
             29                 23                 53         2.6500E+01
             29                 24                  9         2.8850E+01
             30                 14                  1         9.8000E+00
             30                 15                138         1.1250E+01
             30                 16                641         1.2800E+01
             30                 17               2063         1.4450E+01
             30                 18               4479         1.6200E+01
             30                 19               5522         1.8050E+01
             30                 20               3794         2.0000E+01
             30                 21               1774         2.2050E+01
             30                 22                745         2.4200E+01
             30                 23                159         2.6450E+01
             30                 24                 37         2.8800E+01
             31                 13                  6         8.5000E+00
             31                 14                 16         9.8500E+00
             31                 15                288         1.1300E+01
             31                 16               1566         1.2850E+01
             31                 17               5044         1.4500E+01
             31                 18              10709         1.6250E+01
             31                 19              13069         1.8100E+01
             31                 20               9341         2.0050E+01
             31                 21               4893         2.2100E+01
             31                 22               1831         2.4250E+01
             31                 23                437         2.6500E+01
             31                 24                153         2.8850E+01
             31                 25                  5         3.1300E+01
             32                 14                 85         1.0000E+01
             32                 15                831         1.1450E+01
             32                 16               3423         1.3000E+01
             32                 17              10446         1.4650E+01
             32                 18              20041         1.6400E+01
             32                 19              24050         1.8250E+01
             32                 20              18607         2.0200E+01
             32                 21               9852         2.2250E+01
             32                 22               3874         2.4400E+01
             32                 23                982         2.6650E+01
             32                 24                181         2.9000E+01
             32                 25                 45         3.1450E+01
             33                 13                  7         8.9000E+00
             33                 14                132         1.0250E+01
             33                 15               1327         1.1700E+01
             33                 16               5329         1.3250E+01
             33                 17              15724         1.4900E+01
             33                 18              30473         1.6650E+01
             33                 19              38622         1.8500E+01
             33                 20              29578         2.0450E+01
             33                 21              16683         2.2500E+01
             33                 22               6120         2.4650E+01
             33                 23               1781         2.6900E+01
             33                 24                262         2.9250E+01
             33                 25                 64         3.1700E+01
             33                 26                  2         3.4250E+01
             34                 13                  4         9.2500E+00
             34                 14                236         1.0600E+01
             34                 15               1450         1.2050E+01
             34                 16               6674         1.3600E+01
             34                 17              19712         1.5250E+01
             34                 18              37706         1.7000E+01
             34                 19              48190         1.8850E+01
             34                 20              39530         2.0800E+01
             34                 21              23110         2.2850E+01
             34                 22               8812         2.5000E+01
             34                 23               2240         2.7250E+01
             34                 24                467         2.9600E+01
             34                 25                108         3.2050E+01
             34                 26                  1         3.4600E+01
             35                 13                  4         9.7000E+00
             35                 14                232         1.1050E+01
             35                 15               1532         1.2500E+01
             35                 16               7150         1.4050E+01
             35                 17              20494         1.5700E+01
             35                 18              39154         1.7450E+01
             35                 19              49126         1.9300E+01
             35                 20              42072         2.1250E+01
             35                 21              24831         2.3300E+01
             35                 22               9697         2.5450E+01
             35                 23               2631         2.7700E+01
             35                 24                443         3.0050E+01
             35                 25                 92         3.2500E+01
             35                 26                  1         3.5050E+01
             36                 14                162         1.1600E+01
             36                 15               1469         1.3050E+01
             36                 16               6280         1.4600E+01
             36                 17              17165         1.6250E+01
             36                 18              31454         1.8000E+01
             36                 19              37871         1.9850E+01
             36                 20              32154         2.1800E+01
             36                 21              18496         2.3850E+01
             36                 22               7296         2.6000E+01
             36                 23               2596         2.8250E+01
             36                 24                502         3.0600E+01
             36                 25                 34         3.3050E+01
             37                 14                 81         1.2250E+01
             37                 15               1116         1.3700E+01
             37                 16               5314         1.5250E+01
             37                 17              11005         1.6900E+01
             37                 18              19065         1.8650E+01
             37                 19              21180         2.0500E+01
             37                 20              17791         2.2450E+01
             37                 21              10179         2.4500E+01
             37                 22               4199         2.6650E+01
             37                 23               1224         2.8900E+01
             37                 24                260         3.1250E+01
             37                 25                 19         3.3700E+01
             38                 14                123         1.3000E+01
             38                 15                721         1.4450E+01
             38                 16               2815         1.6000E+01
             38                 17               5175         1.7650E+01
             38                 18               8140         1.9400E+01
             38                 19               8765         2.1250E+01
             38                 20               6913         2.3200E+01
             38                 21               3776         2.5250E+01
             38                 22               1481         2.7400E+01
             38                 23                499         2.9650E+01
             38                 24                104         3.2000E+01
             38                 25                  4         3.4450E+01
             38                 26                  2         3.7000E+01
             39                 13                 22         1.2500E+01
             39                 14                102         1.3850E+01
             39                 15                364         1.5300E+01
             39                 16               1144         1.6850E+01
             39                 17               1774         1.8500E+01
             39                 18               2753         2.0250E+01
             39                 19               2830         2.2100E+01
             39                 20               1816         2.4050E+01
             39                 21               1053         2.6100E+01
             39                 22                314         2.8250E+01
             39                 23                110         3.0500E+01
             39                 24                 16         3.2850E+01
             40                 14                 45         1.4800E+01
             40                 15                 88         1.6250E+01
             40                 16                284         1.7800E+01
             40                 17                351         1.9450E+01
             40                 18                423         2.1200E+01
             40                 19                484         2.3050E+01
             40                 20                211         2.5000E+01
             40                 21                 96         2.7050E+01
             40                 22                 35         2.9200E+01
             40                 23                  8         3.1450E+01
             41                 15                  5         1.7300E+01
             41                 16                 17         1.8850E+01
             41                 17                 28         2.0500E+01
             41                 18                 47         2.2250E+01
             41                 19                 36         2.4100E+01
             41                 20                  8         2.6050E+01
             41                 21                  2         2.8100E+01
             41                 22                  2         3.0250E+01
             42                 18                  2         2.3400E+01
