  #Crystal Size      Water Content              Count               Bias
             39                 13                  3         6.5000E+00
             39                 14                  5         6.8500E+00
             39                 15                  2         7.3000E+00
             39                 16                  2         7.8500E+00
             39                 18                  3         9.2500E+00
             40                 12                  8         5.2000E+00
             40                 13                  8         5.4500E+00
             40                 14                 39         5.8000E+00
             40                 15                 33         6.2500E+00
             40                 16                 29         6.8000E+00
             40                 17                 33         7.4500E+00
             40                 18                 23         8.2000E+00
             40                 19                  9         9.0500E+00
             40                 20                  5         1.0000E+01
             41                  6                  4         4.8500E+00
             41                  7                  4         4.5000E+00
             41                  8                  2         4.2500E+00
             41                  9                  1         4.1000E+00
             41                 10                 10         4.0500E+00
             41                 11                 18         4.1000E+00
             41                 12                 53         4.2500E+00
             41                 13                113         4.5000E+00
             41                 14                217         4.8500E+00
             41                 15                270         5.3000E+00
             41                 16                253         5.8500E+00
             41                 17                189         6.5000E+00
             41                 18                163         7.2500E+00
             41                 19                 96         8.1000E+00
             41                 20                 19         9.0500E+00
             41                 21                  1         1.0100E+01
             42                  5                  2         4.4500E+00
             42                  6                 13         4.0000E+00
             42                  7                  7         3.6500E+00
             42                  8                 17         3.4000E+00
             42                  9                 42         3.2500E+00
             42                 10                 73         3.2000E+00
             42                 11                165         3.2500E+00
             42                 12                392         3.4000E+00
             42                 13                640         3.6500E+00
             42                 14                955         4.0000E+00
             42                 15               1172         4.4500E+00
             42                 16               1104         5.0000E+00
             42                 17                844         5.6500E+00
             42                 18                653         6.4000E+00
             42                 19                346         7.2500E+00
             42                 20                127         8.2000E+00
             42                 21                 18         9.2500E+00
             42                 22                  6         1.0400E+01
             43                  4                  1         4.2500E+00
             43                  5                  2         3.7000E+00
             43                  6                  8         3.2500E+00
             43                  7                 59         2.9000E+00
             43                  8                 98         2.6500E+00
             43                  9                127         2.5000E+00
             43                 10                331         2.4500E+00
             43                 11                839         2.5000E+00
             43                 12               1358         2.6500E+00
             43                 13               2319         2.9000E+00
             43                 14               3289         3.2500E+00
             43                 15               4224         3.7000E+00
             43                 16               4488         4.2500E+00
             43                 17               3241         4.9000E+00
             43                 18               2053         5.6500E+00
             43                 19               1101         6.5000E+00
             43                 20                418         7.4500E+00
             43                 21                116         8.5000E+00
             43                 22                 13         9.6500E+00
             43                 23                  4         1.0900E+01
             44                  5                  4         3.0500E+00
             44                  6                 38         2.6000E+00
             44                  7                152         2.2500E+00
             44                  8                340         2.0000E+00
             44                  9                530         1.8500E+00
             44                 10               1236         1.8000E+00
             44                 11               2469         1.8500E+00
             44                 12               4336         2.0000E+00
             44                 13               7433         2.2500E+00
             44                 14              10522         2.6000E+00
             44                 15              12407         3.0500E+00
             44                 16              12030         3.6000E+00
             44                 17               8863         4.2500E+00
             44                 18               5432         5.0000E+00
             44                 19               2580         5.8500E+00
             44                 20                960         6.8000E+00
             44                 21                324         7.8500E+00
             44                 22                 84         9.0000E+00
             44                 23                 32         1.0250E+01
             44                 24                  2         1.1600E+01
             45                  5                 14         2.5000E+00
             45                  6                108         2.0500E+00
             45                  7                353         1.7000E+00
             45                  8                668         1.4500E+00
             45                  9               1435         1.3000E+00
             45                 10               2868         1.2500E+00
             45                 11               5465         1.3000E+00
             45                 12              10150         1.4500E+00
             45                 13              16221         1.7000E+00
             45                 14              23228         2.0500E+00
             45                 15              27143         2.5000E+00
             45                 16              24123         3.0500E+00
             45                 17              16904         3.7000E+00
             45                 18              10238         4.4500E+00
             45                 19               4883         5.3000E+00
             45                 20               1853         6.2500E+00
             45                 21                465         7.3000E+00
             45                 22                114         8.4500E+00
             45                 23                 24         9.7000E+00
             45                 24                  5         1.1050E+01
             46                  5                 11         2.0500E+00
             46                  6                 95         1.6000E+00
             46                  7                574         1.2500E+00
             46                  8               1219         1.0000E+00
             46                  9               2333         8.5000E-01
             46                 10               4675         8.0000E-01
             46                 11               8991         8.5000E-01
             46                 12              16214         1.0000E+00
             46                 13              26487         1.2500E+00
             46                 14              37033         1.6000E+00
             46                 15              41645         2.0500E+00
             46                 16              37175         2.6000E+00
             46                 17              24956         3.2500E+00
             46                 18              13464         4.0000E+00
             46                 19               6285         4.8500E+00
             46                 20               2418         5.8000E+00
             46                 21                696         6.8500E+00
             46                 22                142         8.0000E+00
             46                 23                 12         9.2500E+00
             46                 24                  6         1.0600E+01
             46                 25                  1         1.2050E+01
             47                  4                  1         2.2500E+00
             47                  5                 22         1.7000E+00
             47                  6                139         1.2500E+00
             47                  7                581         9.0000E-01
             47                  8               1246         6.5000E-01
             47                  9               2774         5.0000E-01
             47                 10               5451         4.5000E-01
             47                 11              10599         5.0000E-01
             47                 12              19356         6.5000E-01
             47                 13              31248         9.0000E-01
             47                 14              42824         1.2500E+00
             47                 15              45288         1.7000E+00
             47                 16              38770         2.2500E+00
             47                 17              24925         2.9000E+00
             47                 18              13054         3.6500E+00
             47                 19               5672         4.5000E+00
             47                 20               1791         5.4500E+00
             47                 21                471         6.5000E+00
             47                 22                123         7.6500E+00
             47                 23                  9         8.9000E+00
             47                 24                  3         1.0250E+01
             47                 25                  1         1.1700E+01
             48                  4                  1         2.0000E+00
             48                  5                 15         1.4500E+00
             48                  6                111         1.0000E+00
             48                  7                391         6.5000E-01
             48                  8               1083         4.0000E-01
             48                  9               2339         2.5000E-01
             48                 10               4471         2.0000E-01
             48                 11               8088         2.5000E-01
             48                 12              15276         4.0000E-01
             48                 13              24404         6.5000E-01
             48                 14              32180         1.0000E+00
             48                 15              33781         1.4500E+00
             48                 16              27964         2.0000E+00
             48                 17              16914         2.6500E+00
             48                 18               9124         3.4000E+00
             48                 19               3712         4.2500E+00
             48                 20               1124         5.2000E+00
             48                 21                267         6.2500E+00
             48                 22                 60         7.4000E+00
             48                 23                 26         8.6500E+00
             48                 24                 10         1.0000E+01
             49                  5                  2         1.3000E+00
             49                  6                 40         8.5000E-01
             49                  7                169         5.0000E-01
             49                  8                434         2.5000E-01
             49                  9               1048         1.0000E-01
             49                 10               1994         5.0000E-02
             49                 11               3775         1.0000E-01
             49                 12               7218         2.5000E-01
             49                 13              11318         5.0000E-01
             49                 14              15250         8.5000E-01
             49                 15              15788         1.3000E+00
             49                 16              13090         1.8500E+00
             49                 17               7811         2.5000E+00
             49                 18               4009         3.2500E+00
             49                 19               1372         4.1000E+00
             49                 20                413         5.0500E+00
             49                 21                112         6.1000E+00
             49                 22                 28         7.2500E+00
             49                 23                  7         8.5000E+00
             49                 24                  4         9.8500E+00
             50                  6                  7         8.0000E-01
             50                  7                 14         4.5000E-01
             50                  8                 49         2.0000E-01
             50                  9                128         5.0000E-02
             50                 10                381         0.0000E+00
             50                 11                784         5.0000E-02
             50                 12               1502         2.0000E-01
             50                 13               2572         4.5000E-01
             50                 14               3398         8.0000E-01
             50                 15               3440         1.2500E+00
             50                 16               2496         1.8000E+00
             50                 17               1491         2.4500E+00
             50                 18                762         3.2000E+00
             50                 19                264         4.0500E+00
             50                 20                 72         5.0000E+00
             50                 21                  5         6.0500E+00
             51                  9                  1         1.0000E-01
             51                 10                 10         5.0000E-02
             51                 11                 44         1.0000E-01
             51                 12                 26         2.5000E-01
             51                 13                 55         5.0000E-01
             51                 14                 56         8.5000E-01
             51                 15                 67         1.3000E+00
             51                 16                 34         1.8500E+00
             51                 17                 12         2.5000E+00
             51                 18                  8         3.2500E+00
             51                 19                  3         4.1000E+00
