  #Crystal Size      Water Content              Count               Bias
             40                  8                  1         1.1700E+01
             40                 12                  1         1.3700E+01
             41                  7                  1         1.0000E+01
             41                  8                 10         1.0250E+01
             41                 11                  4         1.1600E+01
             41                 12                 10         1.2250E+01
             41                 13                  8         1.3000E+01
             41                 14                  7         1.3850E+01
             41                 16                  2         1.5850E+01
             42                  7                  3         8.6500E+00
             42                  8                 12         8.9000E+00
             42                  9                 11         9.2500E+00
             42                 10                 39         9.7000E+00
             42                 11                 64         1.0250E+01
             42                 12                106         1.0900E+01
             42                 13                109         1.1650E+01
             42                 14                 68         1.2500E+01
             42                 15                 41         1.3450E+01
             42                 16                  9         1.4500E+01
             43                  6                  2         7.2500E+00
             43                  7                 20         7.4000E+00
             43                  8                 57         7.6500E+00
             43                  9                120         8.0000E+00
             43                 10                188         8.4500E+00
             43                 11                426         9.0000E+00
             43                 12                632         9.6500E+00
             43                 13                723         1.0400E+01
             43                 14                506         1.1250E+01
             43                 15                318         1.2200E+01
             43                 16                102         1.3250E+01
             43                 17                 30         1.4400E+01
             43                 18                  5         1.5650E+01
             43                 19                  1         1.7000E+01
             44                  5                 14         6.0500E+00
             44                  6                 28         6.1000E+00
             44                  7                106         6.2500E+00
             44                  8                254         6.5000E+00
             44                  9                573         6.8500E+00
             44                 10               1016         7.3000E+00
             44                 11               1998         7.8500E+00
             44                 12               2479         8.5000E+00
             44                 13               2590         9.2500E+00
             44                 14               2066         1.0100E+01
             44                 15               1101         1.1050E+01
             44                 16                628         1.2100E+01
             44                 17                163         1.3250E+01
             44                 18                 22         1.4500E+01
             44                 19                 10         1.5850E+01
             44                 20                  7         1.7300E+01
             44                 21                  1         1.8850E+01
             45                  4                  1         5.0500E+00
             45                  5                 24         5.0000E+00
             45                  6                103         5.0500E+00
             45                  7                366         5.2000E+00
             45                  8                934         5.4500E+00
             45                  9               2182         5.8000E+00
             45                 10               3677         6.2500E+00
             45                 11               6157         6.8000E+00
             45                 12               7569         7.4500E+00
             45                 13               7562         8.2000E+00
             45                 14               6492         9.0500E+00
             45                 15               4009         1.0000E+01
             45                 16               1872         1.1050E+01
             45                 17                792         1.2200E+01
             45                 18                280         1.3450E+01
             45                 19                 92         1.4800E+01
             45                 20                 46         1.6250E+01
             45                 21                  1         1.7800E+01
             45                 22                  1         1.9450E+01
             46                  3                  1         4.2500E+00
             46                  4                  4         4.1000E+00
             46                  5                 81         4.0500E+00
             46                  6                291         4.1000E+00
             46                  7               1164         4.2500E+00
             46                  8               2853         4.5000E+00
             46                  9               5480         4.8500E+00
             46                 10               9459         5.3000E+00
             46                 11              15099         5.8500E+00
             46                 12              19202         6.5000E+00
             46                 13              19155         7.2500E+00
             46                 14              15242         8.1000E+00
             46                 15              10506         9.0500E+00
             46                 16               5439         1.0100E+01
             46                 17               2387         1.1250E+01
             46                 18                724         1.2500E+01
             46                 19                275         1.3850E+01
             46                 20                146         1.5300E+01
             46                 21                 15         1.6850E+01
             46                 22                  2         1.8500E+01
             47                  3                 10         3.4000E+00
             47                  4                 39         3.2500E+00
             47                  5                176         3.2000E+00
             47                  6                867         3.2500E+00
             47                  7               2736         3.4000E+00
             47                  8               6112         3.6500E+00
             47                  9              11944         4.0000E+00
             47                 10              19276         4.4500E+00
             47                 11              29367         5.0000E+00
             47                 12              36301         5.6500E+00
             47                 13              35284         6.4000E+00
             47                 14              29205         7.2500E+00
             47                 15              19755         8.2000E+00
             47                 16              10751         9.2500E+00
             47                 17               4773         1.0400E+01
             47                 18               1472         1.1650E+01
             47                 19                553         1.3000E+01
             47                 20                164         1.4450E+01
             47                 21                 33         1.6000E+01
             47                 22                  6         1.7650E+01
             48                  3                  3         2.6500E+00
             48                  4                 59         2.5000E+00
             48                  5                315         2.4500E+00
             48                  6               1318         2.5000E+00
             48                  7               3950         2.6500E+00
             48                  8               9136         2.9000E+00
             48                  9              15944         3.2500E+00
             48                 10              25894         3.7000E+00
             48                 11              38849         4.2500E+00
             48                 12              47933         4.9000E+00
             48                 13              49217         5.6500E+00
             48                 14              39872         6.5000E+00
             48                 15              26291         7.4500E+00
             48                 16              14129         8.5000E+00
             48                 17               6523         9.6500E+00
             48                 18               1977         1.0900E+01
             48                 19                600         1.2250E+01
             48                 20                 98         1.3700E+01
             48                 21                 50         1.5250E+01
             49                  4                 99         1.8500E+00
             49                  5                367         1.8000E+00
             49                  6               1205         1.8500E+00
             49                  7               3279         2.0000E+00
             49                  8               6864         2.2500E+00
             49                  9              12423         2.6000E+00
             49                 10              19884         3.0500E+00
             49                 11              30958         3.6000E+00
             49                 12              39176         4.2500E+00
             49                 13              40592         5.0000E+00
             49                 14              34790         5.8500E+00
             49                 15              21595         6.8000E+00
             49                 16              11691         7.8500E+00
             49                 17               5404         9.0000E+00
             49                 18               1777         1.0250E+01
             49                 19                649         1.1600E+01
             49                 20                156         1.3050E+01
             49                 21                 21         1.4600E+01
             50                  4                 36         1.3000E+00
             50                  5                122         1.2500E+00
             50                  6                547         1.3000E+00
             50                  7               1410         1.4500E+00
             50                  8               2597         1.7000E+00
             50                  9               4806         2.0500E+00
             50                 10               7690         2.5000E+00
             50                 11              12901         3.0500E+00
             50                 12              17265         3.7000E+00
             50                 13              18484         4.4500E+00
             50                 14              15486         5.3000E+00
             50                 15               9356         6.2500E+00
             50                 16               4999         7.3000E+00
             50                 17               2459         8.4500E+00
             50                 18                741         9.7000E+00
             50                 19                197         1.1050E+01
             50                 20                 62         1.2500E+01
             50                 21                 17         1.4050E+01
             50                 22                  1         1.5700E+01
             51                  4                  1         8.5000E-01
             51                  5                 26         8.0000E-01
             51                  6                 83         8.5000E-01
             51                  7                181         1.0000E+00
             51                  8                165         1.2500E+00
             51                  9                490         1.6000E+00
             51                 10               1133         2.0500E+00
             51                 11               1570         2.6000E+00
             51                 12               2005         3.2500E+00
             51                 13               2205         4.0000E+00
             51                 14               2035         4.8500E+00
             51                 15                954         5.8000E+00
             51                 16                506         6.8500E+00
             51                 17                164         8.0000E+00
             51                 18                 24         9.2500E+00
             51                 19                 15         1.0600E+01
             51                 20                  2         1.2050E+01
             52                  8                  5         9.0000E-01
             52                  9                 56         1.2500E+00
             52                 10                115         1.7000E+00
             52                 11                115         2.2500E+00
             52                 12                169         2.9000E+00
             52                 13                213         3.6500E+00
             52                 14                175         4.5000E+00
             52                 15                 75         5.4500E+00
             52                 16                 34         6.5000E+00
             52                 17                 16         7.6500E+00
             53                 11                  1         2.0000E+00
             53                 14                  2         4.2500E+00
