  #Crystal Size      Water Content              Count               Bias
             36                 14                  1         1.3850E+01
             37                 13                  4         1.1650E+01
             38                 10                  1         8.4500E+00
             38                 13                  9         1.0400E+01
             38                 14                  9         1.1250E+01
             38                 16                  4         1.3250E+01
             38                 17                 10         1.4400E+01
             38                 18                  1         1.5650E+01
             38                 19                  1         1.7000E+01
             39                 10                  7         7.3000E+00
             39                 11                 11         7.8500E+00
             39                 12                 23         8.5000E+00
             39                 13                 43         9.2500E+00
             39                 14                 39         1.0100E+01
             39                 15                 41         1.1050E+01
             39                 16                 39         1.2100E+01
             39                 17                 50         1.3250E+01
             39                 18                  8         1.4500E+01
             39                 19                 13         1.5850E+01
             39                 20                  8         1.7300E+01
             39                 23                  2         2.2250E+01
             40                  8                  1         5.4500E+00
             40                  9                  8         5.8000E+00
             40                 10                 43         6.2500E+00
             40                 11                132         6.8000E+00
             40                 12                165         7.4500E+00
             40                 13                283         8.2000E+00
             40                 14                314         9.0500E+00
             40                 15                360         1.0000E+01
             40                 16                337         1.1050E+01
             40                 17                208         1.2200E+01
             40                 18                 78         1.3450E+01
             40                 19                 52         1.4800E+01
             40                 20                 37         1.6250E+01
             40                 21                 18         1.7800E+01
             40                 22                  1         1.9450E+01
             40                 23                 36         2.1200E+01
             40                 24                  3         2.3050E+01
             41                  5                  1         4.0500E+00
             41                  6                  8         4.1000E+00
             41                  7                  1         4.2500E+00
             41                  8                 24         4.5000E+00
             41                  9                 55         4.8500E+00
             41                 10                262         5.3000E+00
             41                 11                600         5.8500E+00
             41                 12                830         6.5000E+00
             41                 13               1106         7.2500E+00
             41                 14               1531         8.1000E+00
             41                 15               1887         9.0500E+00
             41                 16               1544         1.0100E+01
             41                 17                878         1.1250E+01
             41                 18                319         1.2500E+01
             41                 19                107         1.3850E+01
             41                 20                 54         1.5300E+01
             41                 21                 46         1.6850E+01
             41                 22                 10         1.8500E+01
             41                 23                 22         2.0250E+01
             41                 24                 10         2.2100E+01
             42                  6                  3         3.2500E+00
             42                  7                 45         3.4000E+00
             42                  8                 62         3.6500E+00
             42                  9                244         4.0000E+00
             42                 10                806         4.4500E+00
             42                 11               1608         5.0000E+00
             42                 12               2560         5.6500E+00
             42                 13               3894         6.4000E+00
             42                 14               5547         7.2500E+00
             42                 15               6282         8.2000E+00
             42                 16               5089         9.2500E+00
             42                 17               2866         1.0400E+01
             42                 18               1243         1.1650E+01
             42                 19                578         1.3000E+01
             42                 20                227         1.4450E+01
             42                 21                 59         1.6000E+01
             42                 22                 13         1.7650E+01
             42                 23                  3         1.9400E+01
             42                 24                  4         2.1250E+01
             43                  6                 16         2.5000E+00
             43                  7                 80         2.6500E+00
             43                  8                157         2.9000E+00
             43                  9                601         3.2500E+00
             43                 10               1733         3.7000E+00
             43                 11               3920         4.2500E+00
             43                 12               6948         4.9000E+00
             43                 13              10997         5.6500E+00
             43                 14              14988         6.5000E+00
             43                 15              16039         7.4500E+00
             43                 16              12586         8.5000E+00
             43                 17               7547         9.6500E+00
             43                 18               3663         1.0900E+01
             43                 19               1435         1.2250E+01
             43                 20                517         1.3700E+01
             43                 21                128         1.5250E+01
             43                 22                 18         1.6900E+01
             43                 23                  1         1.8650E+01
             44                  5                  1         1.8000E+00
             44                  6                 36         1.8500E+00
             44                  7                162         2.0000E+00
             44                  8                489         2.2500E+00
             44                  9               1358         2.6000E+00
             44                 10               3207         3.0500E+00
             44                 11               7381         3.6000E+00
             44                 12              13666         4.2500E+00
             44                 13              21983         5.0000E+00
             44                 14              29692         5.8500E+00
             44                 15              30983         6.8000E+00
             44                 16              24607         7.8500E+00
             44                 17              15566         9.0000E+00
             44                 18               7891         1.0250E+01
             44                 19               3047         1.1600E+01
             44                 20                994         1.3050E+01
             44                 21                223         1.4600E+01
             44                 22                 40         1.6250E+01
             44                 23                  2         1.8000E+01
             45                  6                 46         1.3000E+00
             45                  7                277         1.4500E+00
             45                  8                765         1.7000E+00
             45                  9               2095         2.0500E+00
             45                 10               4778         2.5000E+00
             45                 11              10880         3.0500E+00
             45                 12              19909         3.7000E+00
             45                 13              31941         4.4500E+00
             45                 14              42231         5.3000E+00
             45                 15              44407         6.2500E+00
             45                 16              35819         7.3000E+00
             45                 17              23034         8.4500E+00
             45                 18              11305         9.7000E+00
             45                 19               4691         1.1050E+01
             45                 20               1405         1.2500E+01
             45                 21                406         1.4050E+01
             45                 22                 38         1.5700E+01
             46                  6                 27         8.5000E-01
             46                  7                265         1.0000E+00
             46                  8                828         1.2500E+00
             46                  9               2308         1.6000E+00
             46                 10               4968         2.0500E+00
             46                 11              10891         2.6000E+00
             46                 12              20524         3.2500E+00
             46                 13              31930         4.0000E+00
             46                 14              41569         4.8500E+00
             46                 15              42204         5.8000E+00
             46                 16              34342         6.8500E+00
             46                 17              22875         8.0000E+00
             46                 18              11116         9.2500E+00
             46                 19               4482         1.0600E+01
             46                 20               1436         1.2050E+01
             46                 21                443         1.3600E+01
             46                 22                 70         1.5250E+01
             46                 23                  1         1.7000E+01
             47                  6                  7         5.0000E-01
             47                  7                129         6.5000E-01
             47                  8                552         9.0000E-01
             47                  9               1665         1.2500E+00
             47                 10               4015         1.7000E+00
             47                 11               8137         2.2500E+00
             47                 12              14921         2.9000E+00
             47                 13              23105         3.6500E+00
             47                 14              29179         4.5000E+00
             47                 15              27761         5.4500E+00
             47                 16              22781         6.5000E+00
             47                 17              15041         7.6500E+00
             47                 18               7405         8.9000E+00
             47                 19               2925         1.0250E+01
             47                 20               1072         1.1700E+01
             47                 21                291         1.3250E+01
             47                 22                 32         1.4900E+01
             48                  6                  3         2.5000E-01
             48                  7                 52         4.0000E-01
             48                  8                168         6.5000E-01
             48                  9                704         1.0000E+00
             48                 10               1849         1.4500E+00
             48                 11               4026         2.0000E+00
             48                 12               7018         2.6500E+00
             48                 13              10261         3.4000E+00
             48                 14              12558         4.2500E+00
             48                 15              11849         5.2000E+00
             48                 16               9245         6.2500E+00
             48                 17               6398         7.4000E+00
             48                 18               3355         8.6500E+00
             48                 19               1311         1.0000E+01
             48                 20                450         1.1450E+01
             48                 21                 93         1.3000E+01
             48                 22                 14         1.4650E+01
             49                  7                  2         2.5000E-01
             49                  8                 74         5.0000E-01
             49                  9                218         8.5000E-01
             49                 10                566         1.3000E+00
             49                 11               1145         1.8500E+00
             49                 12               2222         2.5000E+00
             49                 13               2964         3.2500E+00
             49                 14               3345         4.1000E+00
             49                 15               2700         5.0500E+00
             49                 16               2393         6.1000E+00
             49                 17               1563         7.2500E+00
             49                 18                880         8.5000E+00
             49                 19                387         9.8500E+00
             49                 20                 99         1.1300E+01
             49                 21                 24         1.2850E+01
             50                  8                  9         4.5000E-01
             50                  9                 32         8.0000E-01
             50                 10                 90         1.2500E+00
             50                 11                255         1.8000E+00
             50                 12                463         2.4500E+00
             50                 13                559         3.2000E+00
             50                 14                489         4.0500E+00
             50                 15                407         5.0000E+00
             50                 16                247         6.0500E+00
             50                 17                177         7.2000E+00
             50                 18                143         8.4500E+00
             50                 19                 39         9.8000E+00
             50                 20                 16         1.1250E+01
             50                 21                  4         1.2800E+01
             51                  9                  2         8.5000E-01
             51                 10                  7         1.3000E+00
             51                 11                 34         1.8500E+00
             51                 12                 54         2.5000E+00
             51                 13                 70         3.2500E+00
             51                 14                 32         4.1000E+00
             51                 15                 23         5.0500E+00
             51                 16                 18         6.1000E+00
             51                 17                 23         7.2500E+00
             51                 18                  7         8.5000E+00
             51                 19                  1         9.8500E+00
             52                 11                  8         2.0000E+00
             52                 12                  1         2.6500E+00
