  #Crystal Size      Water Content              Count               Bias
             39                  5                  1         7.3000E+00
             39                  8                  1         9.2500E+00
             39                  9                  4         1.0100E+01
             39                 10                  4         1.1050E+01
             40                  4                  1         5.8000E+00
             40                  5                  3         6.2500E+00
             40                  6                  5         6.8000E+00
             40                  7                  8         7.4500E+00
             40                  8                  4         8.2000E+00
             40                  9                 17         9.0500E+00
             40                 10                 12         1.0000E+01
             40                 11                 18         1.1050E+01
             40                 12                  7         1.2200E+01
             40                 13                  5         1.3450E+01
             41                  2                  1         4.2500E+00
             41                  4                  3         4.8500E+00
             41                  5                 36         5.3000E+00
             41                  6                 56         5.8500E+00
             41                  7                 77         6.5000E+00
             41                  8                 89         7.2500E+00
             41                  9                138         8.1000E+00
             41                 10                122         9.0500E+00
             41                 11                 72         1.0100E+01
             41                 12                 58         1.1250E+01
             41                 13                 27         1.2500E+01
             41                 14                  4         1.3850E+01
             41                 15                  2         1.5300E+01
             42                  3                  4         3.6500E+00
             42                  4                 40         4.0000E+00
             42                  5                171         4.4500E+00
             42                  6                321         5.0000E+00
             42                  7                481         5.6500E+00
             42                  8                604         6.4000E+00
             42                  9                621         7.2500E+00
             42                 10                676         8.2000E+00
             42                 11                415         9.2500E+00
             42                 12                271         1.0400E+01
             42                 13                136         1.1650E+01
             42                 14                 39         1.3000E+01
             42                 15                  9         1.4450E+01
             42                 16                  7         1.6000E+01
             43                  2                  3         2.6500E+00
             43                  3                 39         2.9000E+00
             43                  4                152         3.2500E+00
             43                  5                655         3.7000E+00
             43                  6               1193         4.2500E+00
             43                  7               1990         4.9000E+00
             43                  8               2440         5.6500E+00
             43                  9               2838         6.5000E+00
             43                 10               2573         7.4500E+00
             43                 11               2010         8.5000E+00
             43                 12               1199         9.6500E+00
             43                 13                598         1.0900E+01
             43                 14                236         1.2250E+01
             43                 15                 58         1.3700E+01
             43                 16                  8         1.5250E+01
             43                 17                  3         1.6900E+01
             43                 18                  1         1.8650E+01
             44                  1                 10         1.8500E+00
             44                  2                 54         2.0000E+00
             44                  3                177         2.2500E+00
             44                  4                624         2.6000E+00
             44                  5               1959         3.0500E+00
             44                  6               3606         3.6000E+00
             44                  7               6104         4.2500E+00
             44                  8               8118         5.0000E+00
             44                  9               8875         5.8500E+00
             44                 10               8017         6.8000E+00
             44                 11               6155         7.8500E+00
             44                 12               3950         9.0000E+00
             44                 13               2339         1.0250E+01
             44                 14                839         1.1600E+01
             44                 15                275         1.3050E+01
             44                 16                 96         1.4600E+01
             44                 17                 22         1.6250E+01
             44                 18                  1         1.8000E+01
             45                  1                  4         1.3000E+00
             45                  2                144         1.4500E+00
             45                  3                412         1.7000E+00
             45                  4               1748         2.0500E+00
             45                  5               4532         2.5000E+00
             45                  6               8315         3.0500E+00
             45                  7              13603         3.7000E+00
             45                  8              17992         4.4500E+00
             45                  9              19643         5.3000E+00
             45                 10              18585         6.2500E+00
             45                 11              14278         7.3000E+00
             45                 12               9488         8.4500E+00
             45                 13               5682         9.7000E+00
             45                 14               2691         1.1050E+01
             45                 15                892         1.2500E+01
             45                 16                304         1.4050E+01
             45                 17                122         1.5700E+01
             45                 18                 16         1.7450E+01
             46                  1                 28         8.5000E-01
             46                  2                256         1.0000E+00
             46                  3               1019         1.2500E+00
             46                  4               3277         1.6000E+00
             46                  5               8296         2.0500E+00
             46                  6              14909         2.6000E+00
             46                  7              23330         3.2500E+00
             46                  8              30124         4.0000E+00
             46                  9              33255         4.8500E+00
             46                 10              31773         5.8000E+00
             46                 11              24964         6.8500E+00
             46                 12              16664         8.0000E+00
             46                 13              10068         9.2500E+00
             46                 14               4996         1.0600E+01
             46                 15               1853         1.2050E+01
             46                 16                688         1.3600E+01
             46                 17                198         1.5250E+01
             46                 18                 11         1.7000E+01
             47                  0                  5         4.5000E-01
             47                  1                 53         5.0000E-01
             47                  2                303         6.5000E-01
             47                  3               1352         9.0000E-01
             47                  4               4095         1.2500E+00
             47                  5              10254         1.7000E+00
             47                  6              18059         2.2500E+00
             47                  7              27655         2.9000E+00
             47                  8              36022         3.6500E+00
             47                  9              39920         4.5000E+00
             47                 10              38157         5.4500E+00
             47                 11              31157         6.5000E+00
             47                 12              21182         7.6500E+00
             47                 13              12938         8.9000E+00
             47                 14               7148         1.0250E+01
             47                 15               3059         1.1700E+01
             47                 16               1099         1.3250E+01
             47                 17                390         1.4900E+01
             47                 18                 56         1.6650E+01
             47                 19                  2         1.8500E+01
             48                  0                  6         2.0000E-01
             48                  1                 28         2.5000E-01
             48                  2                176         4.0000E-01
             48                  3               1014         6.5000E-01
             48                  4               3462         1.0000E+00
             48                  5               8282         1.4500E+00
             48                  6              14821         2.0000E+00
             48                  7              22530         2.6500E+00
             48                  8              28772         3.4000E+00
             48                  9              32127         4.2500E+00
             48                 10              30765         5.2000E+00
             48                 11              25114         6.2500E+00
             48                 12              18165         7.4000E+00
             48                 13              12273         8.6500E+00
             48                 14               7115         1.0000E+01
             48                 15               2968         1.1450E+01
             48                 16               1153         1.3000E+01
             48                 17                473         1.4650E+01
             48                 18                 97         1.6400E+01
             48                 19                  2         1.8250E+01
             49                  0                  1         5.0000E-02
             49                  1                 19         1.0000E-01
             49                  2                109         2.5000E-01
             49                  3                590         5.0000E-01
             49                  4               1989         8.5000E-01
             49                  5               4371         1.3000E+00
             49                  6               8173         1.8500E+00
             49                  7              11698         2.5000E+00
             49                  8              14376         3.2500E+00
             49                  9              17221         4.1000E+00
             49                 10              15760         5.0500E+00
             49                 11              12537         6.1000E+00
             49                 12               9558         7.2500E+00
             49                 13               6429         8.5000E+00
             49                 14               3655         9.8500E+00
             49                 15               1574         1.1300E+01
             49                 16                716         1.2850E+01
             49                 17                352         1.4500E+01
             49                 18                 61         1.6250E+01
             49                 19                  3         1.8100E+01
             50                  1                  1         5.0000E-02
             50                  2                 35         2.0000E-01
             50                  3                233         4.5000E-01
             50                  4                602         8.0000E-01
             50                  5               1414         1.2500E+00
             50                  6               2390         1.8000E+00
             50                  7               3310         2.4500E+00
             50                  8               3916         3.2000E+00
             50                  9               4406         4.0500E+00
             50                 10               4077         5.0000E+00
             50                 11               3009         6.0500E+00
             50                 12               2405         7.2000E+00
             50                 13               1585         8.4500E+00
             50                 14               1104         9.8000E+00
             50                 15                444         1.1250E+01
             50                 16                209         1.2800E+01
             50                 17                 78         1.4450E+01
             50                 18                  8         1.6200E+01
             51                  2                  2         2.5000E-01
             51                  3                 50         5.0000E-01
             51                  4                136         8.5000E-01
             51                  5                235         1.3000E+00
             51                  6                341         1.8500E+00
             51                  7                477         2.5000E+00
             51                  8                364         3.2500E+00
             51                  9                415         4.1000E+00
             51                 10                430         5.0500E+00
             51                 11                234         6.1000E+00
             51                 12                131         7.2500E+00
             51                 13                141         8.5000E+00
             51                 14                 74         9.8500E+00
             51                 15                 40         1.1300E+01
             51                 16                 21         1.2850E+01
             51                 17                 14         1.4500E+01
             51                 18                  4         1.6250E+01
             52                  3                  9         6.5000E-01
             52                  4                 38         1.0000E+00
             52                  5                 30         1.4500E+00
             52                  6                 32         2.0000E+00
             52                  7                 18         2.6500E+00
             52                  8                 31         3.4000E+00
             52                  9                 34         4.2500E+00
             52                 10                 33         5.2000E+00
             52                 11                 15         6.2500E+00
             52                 12                  8         7.4000E+00
             52                 13                 25         8.6500E+00
             52                 14                  1         1.0000E+01
             52                 15                  1         1.1450E+01
             52                 17                  2         1.4650E+01
