  #Crystal Size      Water Content              Count               Bias
             32                 23                  2         6.4000E+00
             33                 18                  1         2.9000E+00
             33                 19                  2         3.2500E+00
             33                 20                  2         3.7000E+00
             33                 21                  6         4.2500E+00
             33                 22                  4         4.9000E+00
             33                 23                  8         5.6500E+00
             33                 24                  5         6.5000E+00
             33                 26                  1         8.5000E+00
             34                 16                  1         1.8500E+00
             34                 17                  1         2.0000E+00
             34                 18                  3         2.2500E+00
             34                 19                 16         2.6000E+00
             34                 20                 31         3.0500E+00
             34                 21                 38         3.6000E+00
             34                 22                 32         4.2500E+00
             34                 23                 39         5.0000E+00
             34                 24                 25         5.8500E+00
             34                 25                 11         6.8000E+00
             34                 26                  6         7.8500E+00
             34                 27                  6         9.0000E+00
             35                 16                  5         1.3000E+00
             35                 17                 12         1.4500E+00
             35                 18                 52         1.7000E+00
             35                 19                111         2.0500E+00
             35                 20                210         2.5000E+00
             35                 21                188         3.0500E+00
             35                 22                155         3.7000E+00
             35                 23                244         4.4500E+00
             35                 24                182         5.3000E+00
             35                 25                110         6.2500E+00
             35                 26                 50         7.3000E+00
             35                 27                 17         8.4500E+00
             35                 28                  1         9.7000E+00
             36                 15                  5         8.0000E-01
             36                 16                 12         8.5000E-01
             36                 17                 72         1.0000E+00
             36                 18                209         1.2500E+00
             36                 19                497         1.6000E+00
             36                 20                771         2.0500E+00
             36                 21               1134         2.6000E+00
             36                 22               1234         3.2500E+00
             36                 23               1101         4.0000E+00
             36                 24                895         4.8500E+00
             36                 25                491         5.8000E+00
             36                 26                227         6.8500E+00
             36                 27                102         8.0000E+00
             36                 28                 24         9.2500E+00
             37                 14                  1         5.0000E-01
             37                 15                 16         4.5000E-01
             37                 16                 60         5.0000E-01
             37                 17                252         6.5000E-01
             37                 18                730         9.0000E-01
             37                 19               1648         1.2500E+00
             37                 20               2820         1.7000E+00
             37                 21               3961         2.2500E+00
             37                 22               4348         2.9000E+00
             37                 23               4258         3.6500E+00
             37                 24               3360         4.5000E+00
             37                 25               2064         5.4500E+00
             37                 26               1045         6.5000E+00
             37                 27                410         7.6500E+00
             37                 28                110         8.9000E+00
             37                 29                 22         1.0250E+01
             38                 13                  1         4.0000E-01
             38                 14                  4         2.5000E-01
             38                 15                 55         2.0000E-01
             38                 16                181         2.5000E-01
             38                 17                601         4.0000E-01
             38                 18               2104         6.5000E-01
             38                 19               4531         1.0000E+00
             38                 20               7862         1.4500E+00
             38                 21              10849         2.0000E+00
             38                 22              12257         2.6500E+00
             38                 23              10799         3.4000E+00
             38                 24               8652         4.2500E+00
             38                 25               5608         5.2000E+00
             38                 26               2757         6.2500E+00
             38                 27               1366         7.4000E+00
             38                 28                398         8.6500E+00
             38                 29                 38         1.0000E+01
             38                 30                 13         1.1450E+01
             39                 14                 23         1.0000E-01
             39                 15                 82         5.0000E-02
             39                 16                354         1.0000E-01
             39                 17               1096         2.5000E-01
             39                 18               3711         5.0000E-01
             39                 19               8608         8.5000E-01
             39                 20              15352         1.3000E+00
             39                 21              21952         1.8500E+00
             39                 22              24851         2.5000E+00
             39                 23              22499         3.2500E+00
             39                 24              16832         4.1000E+00
             39                 25              10671         5.0500E+00
             39                 26               5570         6.1000E+00
             39                 27               2538         7.2500E+00
             39                 28                874         8.5000E+00
             39                 29                150         9.8500E+00
             39                 30                 43         1.1300E+01
             39                 31                  5         1.2850E+01
             39                 32                  1         1.4500E+01
             40                 14                 23         5.0000E-02
             40                 15                102         0.0000E+00
             40                 16                470         5.0000E-02
             40                 17               1636         2.0000E-01
             40                 18               5387         4.5000E-01
             40                 19              12207         8.0000E-01
             40                 20              22229         1.2500E+00
             40                 21              32003         1.8000E+00
             40                 22              35772         2.4500E+00
             40                 23              33273         3.2000E+00
             40                 24              24871         4.0500E+00
             40                 25              15563         5.0000E+00
             40                 26               8333         6.0500E+00
             40                 27               4088         7.2000E+00
             40                 28               1343         8.4500E+00
             40                 29                335         9.8000E+00
             40                 30                 94         1.1250E+01
             40                 31                 16         1.2800E+01
             41                 14                 21         1.0000E-01
             41                 15                 82         5.0000E-02
             41                 16                311         1.0000E-01
             41                 17               1504         2.5000E-01
             41                 18               5365         5.0000E-01
             41                 19              12615         8.5000E-01
             41                 20              24113         1.3000E+00
             41                 21              34402         1.8500E+00
             41                 22              38771         2.5000E+00
             41                 23              35872         3.2500E+00
             41                 24              27193         4.1000E+00
             41                 25              17482         5.0500E+00
             41                 26               9384         6.1000E+00
             41                 27               4424         7.2500E+00
             41                 28               1605         8.5000E+00
             41                 29                407         9.8500E+00
             41                 30                104         1.1300E+01
             41                 31                 11         1.2850E+01
             42                 14                  4         2.5000E-01
             42                 15                 22         2.0000E-01
             42                 16                194         2.5000E-01
             42                 17               1027         4.0000E-01
             42                 18               3400         6.5000E-01
             42                 19               9589         1.0000E+00
             42                 20              19122         1.4500E+00
             42                 21              28787         2.0000E+00
             42                 22              33602         2.6500E+00
             42                 23              31444         3.4000E+00
             42                 24              23118         4.2500E+00
             42                 25              14571         5.2000E+00
             42                 26               7662         6.2500E+00
             42                 27               3592         7.4000E+00
             42                 28               1526         8.6500E+00
             42                 29                293         1.0000E+01
             42                 30                 55         1.1450E+01
             42                 31                  7         1.3000E+01
             43                 15                  1         4.5000E-01
             43                 16                 97         5.0000E-01
             43                 17                527         6.5000E-01
             43                 18               1835         9.0000E-01
             43                 19               5237         1.2500E+00
             43                 20              10956         1.7000E+00
             43                 21              17819         2.2500E+00
             43                 22              20869         2.9000E+00
             43                 23              20077         3.6500E+00
             43                 24              15142         4.5000E+00
             43                 25               9188         5.4500E+00
             43                 26               4434         6.5000E+00
             43                 27               2240         7.6500E+00
             43                 28                872         8.9000E+00
             43                 29                175         1.0250E+01
             43                 30                 35         1.1700E+01
             43                 31                  6         1.3250E+01
             44                 16                 17         8.5000E-01
             44                 17                205         1.0000E+00
             44                 18                602         1.2500E+00
             44                 19               2237         1.6000E+00
             44                 20               4513         2.0500E+00
             44                 21               7598         2.6000E+00
             44                 22               9522         3.2500E+00
             44                 23               9100         4.0000E+00
             44                 24               6973         4.8500E+00
             44                 25               4241         5.8000E+00
             44                 26               1767         6.8500E+00
             44                 27                930         8.0000E+00
             44                 28                400         9.2500E+00
             44                 29                 75         1.0600E+01
             44                 30                  7         1.2050E+01
             44                 31                  1         1.3600E+01
             45                 16                  9         1.3000E+00
             45                 17                 50         1.4500E+00
             45                 18                137         1.7000E+00
             45                 19                549         2.0500E+00
             45                 20               1237         2.5000E+00
             45                 21               2033         3.0500E+00
             45                 22               2609         3.7000E+00
             45                 23               2637         4.4500E+00
             45                 24               2156         5.3000E+00
             45                 25               1279         6.2500E+00
             45                 26                587         7.3000E+00
             45                 27                304         8.4500E+00
             45                 28                148         9.7000E+00
             45                 29                 20         1.1050E+01
             46                 16                  1         1.8500E+00
             46                 17                 13         2.0000E+00
             46                 18                 37         2.2500E+00
             46                 19                 99         2.6000E+00
             46                 20                184         3.0500E+00
             46                 21                274         3.6000E+00
             46                 22                415         4.2500E+00
             46                 23                466         5.0000E+00
             46                 24                348         5.8500E+00
             46                 25                179         6.8000E+00
             46                 26                 98         7.8500E+00
             46                 27                 46         9.0000E+00
             46                 28                 41         1.0250E+01
             47                 17                  3         2.6500E+00
             47                 18                  1         2.9000E+00
             47                 19                  4         3.2500E+00
             47                 20                  9         3.7000E+00
             47                 21                 23         4.2500E+00
             47                 22                 58         4.9000E+00
             47                 23                 35         5.6500E+00
             47                 24                 20         6.5000E+00
             47                 25                 10         7.4500E+00
             47                 26                  6         8.5000E+00
             47                 27                  1         9.6500E+00
             47                 28                  5         1.0900E+01
             48                 23                  1         6.4000E+00
