  #Crystal Size      Water Content              Count               Bias
             31                 10                  1         1.5300E+01
             32                  8                  1         1.1650E+01
             32                 10                 10         1.4450E+01
             32                 11                 15         1.6000E+01
             32                 12                  3         1.7650E+01
             33                  6                  2         8.5000E+00
             33                  7                  5         9.6500E+00
             33                  8                 22         1.0900E+01
             33                  9                 19         1.2250E+01
             33                 10                 14         1.3700E+01
             33                 11                 37         1.5250E+01
             33                 12                 35         1.6900E+01
             33                 13                 13         1.8650E+01
             33                 14                  3         2.0500E+01
             34                  5                  1         6.8000E+00
             34                  6                 14         7.8500E+00
             34                  7                 49         9.0000E+00
             34                  8                 80         1.0250E+01
             34                  9                169         1.1600E+01
             34                 10                197         1.3050E+01
             34                 11                194         1.4600E+01
             34                 12                152         1.6250E+01
             34                 13                151         1.8000E+01
             34                 14                 51         1.9850E+01
             34                 15                  1         2.1800E+01
             34                 16                 10         2.3850E+01
             35                  3                  2         4.4500E+00
             35                  4                  3         5.3000E+00
             35                  5                 24         6.2500E+00
             35                  6                 86         7.3000E+00
             35                  7                363         8.4500E+00
             35                  8                612         9.7000E+00
             35                  9                947         1.1050E+01
             35                 10               1399         1.2500E+01
             35                 11               1265         1.4050E+01
             35                 12                816         1.5700E+01
             35                 13                390         1.7450E+01
             35                 14                252         1.9300E+01
             35                 15                 62         2.1250E+01
             35                 16                 42         2.3300E+01
             35                 17                  2         2.5450E+01
             36                  3                  8         4.0000E+00
             36                  4                 15         4.8500E+00
             36                  5                 81         5.8000E+00
             36                  6                363         6.8500E+00
             36                  7               1342         8.0000E+00
             36                  8               2403         9.2500E+00
             36                  9               3693         1.0600E+01
             36                 10               4880         1.2050E+01
             36                 11               4568         1.3600E+01
             36                 12               2847         1.5250E+01
             36                 13               1722         1.7000E+01
             36                 14                925         1.8850E+01
             36                 15                287         2.0800E+01
             36                 16                133         2.2850E+01
             36                 17                 12         2.5000E+01
             37                  3                 12         3.6500E+00
             37                  4                 54         4.5000E+00
             37                  5                307         5.4500E+00
             37                  6               1037         6.5000E+00
             37                  7               3192         7.6500E+00
             37                  8               6613         8.9000E+00
             37                  9              10675         1.0250E+01
             37                 10              13162         1.1700E+01
             37                 11              11921         1.3250E+01
             37                 12               7751         1.4900E+01
             37                 13               4402         1.6650E+01
             37                 14               2587         1.8500E+01
             37                 15                953         2.0450E+01
             37                 16                328         2.2500E+01
             37                 17                 24         2.4650E+01
             38                  3                 20         3.4000E+00
             38                  4                166         4.2500E+00
             38                  5                654         5.2000E+00
             38                  6               2352         6.2500E+00
             38                  7               6315         7.4000E+00
             38                  8              12680         8.6500E+00
             38                  9              21545         1.0000E+01
             38                 10              26797         1.1450E+01
             38                 11              25073         1.3000E+01
             38                 12              17691         1.4650E+01
             38                 13               9889         1.6400E+01
             38                 14               5124         1.8250E+01
             38                 15               1779         2.0200E+01
             38                 16                628         2.2250E+01
             38                 17                141         2.4400E+01
             38                 18                  5         2.6650E+01
             39                  3                 13         3.2500E+00
             39                  4                204         4.1000E+00
             39                  5               1147         5.0500E+00
             39                  6               3740         6.1000E+00
             39                  7               8752         7.2500E+00
             39                  8              17771         8.5000E+00
             39                  9              29955         9.8500E+00
             39                 10              40343         1.1300E+01
             39                 11              40222         1.2850E+01
             39                 12              30170         1.4500E+01
             39                 13              17259         1.6250E+01
             39                 14               7651         1.8100E+01
             39                 15               2689         2.0050E+01
             39                 16                929         2.2100E+01
             39                 17                163         2.4250E+01
             39                 18                 11         2.6500E+01
             40                  3                 24         3.2000E+00
             40                  4                261         4.0500E+00
             40                  5               1407         5.0000E+00
             40                  6               3794         6.0500E+00
             40                  7               8892         7.2000E+00
             40                  8              17727         8.4500E+00
             40                  9              30644         9.8000E+00
             40                 10              43753         1.1250E+01
             40                 11              47367         1.2800E+01
             40                 12              37784         1.4450E+01
             40                 13              22803         1.6200E+01
             40                 14               9934         1.8050E+01
             40                 15               3460         2.0000E+01
             40                 16                953         2.2050E+01
             40                 17                178         2.4200E+01
             40                 18                 26         2.6450E+01
             40                 19                  1         2.8800E+01
             41                  3                 17         3.2500E+00
             41                  4                178         4.1000E+00
             41                  5                867         5.0500E+00
             41                  6               2496         6.1000E+00
             41                  7               5392         7.2500E+00
             41                  8              11971         8.5000E+00
             41                  9              22403         9.8500E+00
             41                 10              34195         1.1300E+01
             41                 11              38898         1.2850E+01
             41                 12              34095         1.4500E+01
             41                 13              21029         1.6250E+01
             41                 14               9574         1.8100E+01
             41                 15               3306         2.0050E+01
             41                 16                850         2.2100E+01
             41                 17                146         2.4250E+01
             41                 18                 25         2.6500E+01
             42                  3                  6         3.4000E+00
             42                  4                 79         4.2500E+00
             42                  5                344         5.2000E+00
             42                  6                881         6.2500E+00
             42                  7               2099         7.4000E+00
             42                  8               5228         8.6500E+00
             42                  9              11045         1.0000E+01
             42                 10              18505         1.1450E+01
             42                 11              24153         1.3000E+01
             42                 12              21122         1.4650E+01
             42                 13              13373         1.6400E+01
             42                 14               6790         1.8250E+01
             42                 15               2315         2.0200E+01
             42                 16                391         2.2250E+01
             42                 17                 89         2.4400E+01
             42                 18                 17         2.6650E+01
             43                  3                  1         3.6500E+00
             43                  4                  5         4.5000E+00
             43                  5                 81         5.4500E+00
             43                  6                253         6.5000E+00
             43                  7                492         7.6500E+00
             43                  8               1558         8.9000E+00
             43                  9               3772         1.0250E+01
             43                 10               6718         1.1700E+01
             43                 11               9175         1.3250E+01
             43                 12               8547         1.4900E+01
             43                 13               6328         1.6650E+01
             43                 14               2967         1.8500E+01
             43                 15               1071         2.0450E+01
             43                 16                175         2.2500E+01
             43                 17                 34         2.4650E+01
             43                 18                 10         2.6900E+01
             44                  5                  5         5.8000E+00
             44                  6                 37         6.8500E+00
             44                  7                 97         8.0000E+00
             44                  8                323         9.2500E+00
             44                  9                832         1.0600E+01
             44                 10               1691         1.2050E+01
             44                 11               2318         1.3600E+01
             44                 12               2489         1.5250E+01
             44                 13               1745         1.7000E+01
             44                 14                708         1.8850E+01
             44                 15                266         2.0800E+01
             44                 16                 57         2.2850E+01
             45                  4                  1         5.3000E+00
             45                  5                  1         6.2500E+00
             45                  6                  1         7.3000E+00
             45                  7                  2         8.4500E+00
             45                  8                 43         9.7000E+00
             45                  9                 82         1.1050E+01
             45                 10                201         1.2500E+01
             45                 11                315         1.4050E+01
             45                 12                477         1.5700E+01
             45                 13                272         1.7450E+01
             45                 14                113         1.9300E+01
             45                 15                 53         2.1250E+01
             45                 16                  9         2.3300E+01
             46                  8                  2         1.0250E+01
             46                  9                  3         1.1600E+01
             46                 10                 32         1.3050E+01
             46                 11                 18         1.4600E+01
             46                 12                 16         1.6250E+01
             46                 13                 10         1.8000E+01
             46                 14                 10         1.9850E+01
             46                 15                  1         2.1800E+01
             47                 10                  2         1.3700E+01
             47                 11                  5         1.5250E+01
