  #Crystal Size      Water Content              Count               Bias
             34                  8                  1         5.0000E+00
             34                  9                  1         5.8500E+00
             34                 10                  5         6.8000E+00
             34                 16                  1         1.4600E+01
             35                  7                  9         3.7000E+00
             35                  8                  2         4.4500E+00
             35                  9                 21         5.3000E+00
             35                 10                 31         6.2500E+00
             35                 11                 15         7.3000E+00
             35                 12                 11         8.4500E+00
             35                 13                  1         9.7000E+00
             35                 14                  2         1.1050E+01
             35                 15                 15         1.2500E+01
             35                 16                  6         1.4050E+01
             36                  6                  9         2.6000E+00
             36                  7                 28         3.2500E+00
             36                  8                 63         4.0000E+00
             36                  9                138         4.8500E+00
             36                 10                189         5.8000E+00
             36                 11                124         6.8500E+00
             36                 12                108         8.0000E+00
             36                 13                 73         9.2500E+00
             36                 14                 35         1.0600E+01
             36                 15                 47         1.2050E+01
             36                 16                  2         1.3600E+01
             36                 17                  8         1.5250E+01
             37                  5                 12         1.7000E+00
             37                  6                 62         2.2500E+00
             37                  7                166         2.9000E+00
             37                  8                342         3.6500E+00
             37                  9                516         4.5000E+00
             37                 10                715         5.4500E+00
             37                 11                626         6.5000E+00
             37                 12                563         7.6500E+00
             37                 13                338         8.9000E+00
             37                 14                278         1.0250E+01
             37                 15                176         1.1700E+01
             37                 16                 63         1.3250E+01
             37                 17                 41         1.4900E+01
             37                 18                  1         1.6650E+01
             38                  4                  5         1.0000E+00
             38                  5                 49         1.4500E+00
             38                  6                231         2.0000E+00
             38                  7                671         2.6500E+00
             38                  8               1239         3.4000E+00
             38                  9               2134         4.2500E+00
             38                 10               2855         5.2000E+00
             38                 11               2723         6.2500E+00
             38                 12               2297         7.4000E+00
             38                 13               1691         8.6500E+00
             38                 14               1178         1.0000E+01
             38                 15                825         1.1450E+01
             38                 16                366         1.3000E+01
             38                 17                124         1.4650E+01
             38                 18                 36         1.6400E+01
             38                 19                  1         1.8250E+01
             39                  4                 18         8.5000E-01
             39                  5                236         1.3000E+00
             39                  6                833         1.8500E+00
             39                  7               2000         2.5000E+00
             39                  8               3523         3.2500E+00
             39                  9               6170         4.1000E+00
             39                 10               7270         5.0500E+00
             39                 11               7873         6.1000E+00
             39                 12               6774         7.2500E+00
             39                 13               5731         8.5000E+00
             39                 14               4418         9.8500E+00
             39                 15               2805         1.1300E+01
             39                 16               1181         1.2850E+01
             39                 17                306         1.4500E+01
             39                 18                 70         1.6250E+01
             39                 19                 11         1.8100E+01
             40                  4                 57         8.0000E-01
             40                  5                471         1.2500E+00
             40                  6               1610         1.8000E+00
             40                  7               3827         2.4500E+00
             40                  8               7586         3.2000E+00
             40                  9              12169         4.0500E+00
             40                 10              15085         5.0000E+00
             40                 11              16391         6.0500E+00
             40                 12              14829         7.2000E+00
             40                 13              12692         8.4500E+00
             40                 14              10291         9.8000E+00
             40                 15               6596         1.1250E+01
             40                 16               2881         1.2800E+01
             40                 17               1015         1.4450E+01
             40                 18                264         1.6200E+01
             40                 19                 22         1.8050E+01
             40                 20                 11         2.0000E+01
             40                 21                  1         2.2050E+01
             41                  4                 95         8.5000E-01
             41                  5                641         1.3000E+00
             41                  6               2288         1.8500E+00
             41                  7               5719         2.5000E+00
             41                  8              11616         3.2500E+00
             41                  9              18565         4.1000E+00
             41                 10              23624         5.0500E+00
             41                 11              25623         6.1000E+00
             41                 12              25032         7.2500E+00
             41                 13              22743         8.5000E+00
             41                 14              17882         9.8500E+00
             41                 15              11860         1.1300E+01
             41                 16               5444         1.2850E+01
             41                 17               2046         1.4500E+01
             41                 18                566         1.6250E+01
             41                 19                 94         1.8100E+01
             41                 20                 31         2.0050E+01
             41                 21                  7         2.2100E+01
             42                  3                  2         6.5000E-01
             42                  4                 62         1.0000E+00
             42                  5                595         1.4500E+00
             42                  6               2305         2.0000E+00
             42                  7               5863         2.6500E+00
             42                  8              12812         3.4000E+00
             42                  9              21569         4.2500E+00
             42                 10              28373         5.2000E+00
             42                 11              31199         6.2500E+00
             42                 12              32351         7.4000E+00
             42                 13              30562         8.6500E+00
             42                 14              23543         1.0000E+01
             42                 15              15481         1.1450E+01
             42                 16               7491         1.3000E+01
             42                 17               2884         1.4650E+01
             42                 18                852         1.6400E+01
             42                 19                225         1.8250E+01
             42                 20                 71         2.0200E+01
             42                 21                 18         2.2250E+01
             43                  4                 31         1.2500E+00
             43                  5                385         1.7000E+00
             43                  6               1541         2.2500E+00
             43                  7               4266         2.9000E+00
             43                  8              10413         3.6500E+00
             43                  9              17890         4.5000E+00
             43                 10              25912         5.4500E+00
             43                 11              30455         6.5000E+00
             43                 12              32131         7.6500E+00
             43                 13              28771         8.9000E+00
             43                 14              22174         1.0250E+01
             43                 15              15196         1.1700E+01
             43                 16               7501         1.3250E+01
             43                 17               2884         1.4900E+01
             43                 18               1034         1.6650E+01
             43                 19                231         1.8500E+01
             43                 20                 56         2.0450E+01
             43                 21                 10         2.2500E+01
             44                  4                 16         1.6000E+00
             44                  5                216         2.0500E+00
             44                  6                647         2.6000E+00
             44                  7               2145         3.2500E+00
             44                  8               6279         4.0000E+00
             44                  9              11453         4.8500E+00
             44                 10              17219         5.8000E+00
             44                 11              21564         6.8500E+00
             44                 12              22461         8.0000E+00
             44                 13              21028         9.2500E+00
             44                 14              15479         1.0600E+01
             44                 15              10320         1.2050E+01
             44                 16               5032         1.3600E+01
             44                 17               1735         1.5250E+01
             44                 18                721         1.7000E+01
             44                 19                131         1.8850E+01
             44                 20                 22         2.0800E+01
             44                 21                  3         2.2850E+01
             45                  4                  2         2.0500E+00
             45                  5                 31         2.5000E+00
             45                  6                126         3.0500E+00
             45                  7                697         3.7000E+00
             45                  8               2716         4.4500E+00
             45                  9               5468         5.3000E+00
             45                 10               9286         6.2500E+00
             45                 11              11234         7.3000E+00
             45                 12              11486         8.4500E+00
             45                 13               9658         9.7000E+00
             45                 14               6948         1.1050E+01
             45                 15               5152         1.2500E+01
             45                 16               2463         1.4050E+01
             45                 17                934         1.5700E+01
             45                 18                221         1.7450E+01
             45                 19                 47         1.9300E+01
             45                 20                 16         2.1250E+01
             46                  5                  3         3.0500E+00
             46                  6                 19         3.6000E+00
             46                  7                153         4.2500E+00
             46                  8                824         5.0000E+00
             46                  9               1915         5.8500E+00
             46                 10               3532         6.8000E+00
             46                 11               4124         7.8500E+00
             46                 12               4389         9.0000E+00
             46                 13               3355         1.0250E+01
             46                 14               2427         1.1600E+01
             46                 15               1622         1.3050E+01
             46                 16                705         1.4600E+01
             46                 17                293         1.6250E+01
             46                 18                 64         1.8000E+01
             46                 19                  8         1.9850E+01
             47                  6                  2         4.2500E+00
             47                  7                 62         4.9000E+00
             47                  8                198         5.6500E+00
             47                  9                506         6.5000E+00
             47                 10                861         7.4500E+00
             47                 11                956         8.5000E+00
             47                 12               1022         9.6500E+00
             47                 13                773         1.0900E+01
             47                 14                456         1.2250E+01
             47                 15                275         1.3700E+01
             47                 16                118         1.5250E+01
             47                 17                 49         1.6900E+01
             47                 18                 13         1.8650E+01
             47                 19                  1         2.0500E+01
             48                  7                 17         5.6500E+00
             48                  8                 87         6.4000E+00
             48                  9                144         7.2500E+00
             48                 10                156         8.2000E+00
             48                 11                136         9.2500E+00
             48                 12                164         1.0400E+01
             48                 13                143         1.1650E+01
             48                 14                 39         1.3000E+01
             48                 15                 23         1.4450E+01
             48                 16                 12         1.6000E+01
             48                 17                  3         1.7650E+01
             48                 18                  2         1.9400E+01
             49                  6                  1         5.8500E+00
             49                  7                  8         6.5000E+00
             49                  8                  6         7.2500E+00
             49                  9                 13         8.1000E+00
             49                 10                 10         9.0500E+00
             49                 11                 16         1.0100E+01
             49                 12                 10         1.1250E+01
             49                 13                  3         1.2500E+01
             49                 14                  9         1.3850E+01
             49                 15                  5         1.5300E+01
             50                  7                  2         7.4500E+00
             50                  8                  8         8.2000E+00
             50                  9                  1         9.0500E+00
